0	0	0.00015242659223489727
1	1	0.0008518790140594335
2	2	0.0002237444929243549
3	3	0.00013983597258977957
4	4	0.0011594917146076408
5	5	6.848443256545171e-05
6	6	0.002834734919929536
7	7	9.814492334467166e-05
8	8	0.0004597622983212542
9	9	0.00012928050162791698
10	10	0.00011032742782139821
11	11	5.006683743272359e-05
12	12	4.222918237839864e-05
13	13	0.0015435345673816567
14	14	3.7108467443397985e-05
15	15	5.138068690557325e-05
16	16	3.89235201129004e-05
17	17	4.178027816952251e-05
18	18	8.948687321941764e-05
19	19	0.00013029512791691943
20	20	0.0005511229489166437
21	21	0.00010493131454379471
22	22	0.0002619380293792351
23	23	0.00025217395900132097
24	24	0.07699887457117083
25	25	0.00028158066945281
26	26	5.349905736370479e-05
27	27	0.00010257585862653444
28	28	0.0006373892842618652
29	29	0.0003639668798061091
30	30	0.00014683113824530354
31	31	8.246321668907341e-05
32	32	0.00010143416725341963
33	33	0.002399702319963657
34	34	4.168522098595249e-05
35	35	0.0004471950063919895
36	36	0.0010330422540529192
37	37	0.00010920798674571946
38	38	6.11212847977646e-05
39	39	5.147362754343038e-05
40	40	0.0003509684925278684
41	41	0.00034940341643234724
42	42	6.329451485834868e-05
43	43	5.024437935268843e-05
44	44	3.650446801213929e-05
45	45	0.00033157539775462657
46	46	0.00023603656455966487
47	47	7.108604254756987e-05
48	48	7.460348834705682e-05
49	49	0.0005547388418427088
50	50	0.000138681498047868
51	51	0.00010597138005046251
52	52	3.8454702223456766e-05
53	53	0.00020529248682274727
54	54	0.00032463148873595625
55	55	5.156687686090478e-05
56	56	3.986411250346121e-05
57	57	4.4720566400660645e-05
58	58	0.0012828628016945778
59	59	6.79384818214823e-05
60	60	6.0302348394035903e-05
61	61	0.0002479535046879126
62	62	0.00013587041631288958
63	63	0.0008063138600451031
64	64	0.0003344296999766394
65	65	7.52520116850623e-05
66	66	0.002202501895705517
67	67	4.084723183125129e-05
68	68	7.041883051157743e-05
69	69	6.315878682238163e-05
70	70	4.777803091260201e-05
71	71	3.596644178094801e-05
72	72	7.677383992243506e-05
73	73	8.92309527583411e-05
74	74	0.000610331573902231
75	75	5.395218948552128e-05
76	76	4.4434507639515806e-05
77	77	0.00012256510520272177
78	78	8.614169085702567e-05
79	79	3.823764857751421e-05
80	80	4.048463846858167e-05
81	81	8.191437726567092e-05
82	82	0.0005621025989568055
83	83	9.5767489548503e-05
84	84	9.875625888591501e-05
85	85	9.294046865824993e-05
86	86	5.011111497987025e-05
87	87	3.61603961602947e-05
88	88	9.405269162619355e-05
89	89	9.906455098087323e-05
90	90	8.126455072595155e-05
91	91	9.280313513259466e-05
92	92	3.83187799025075e-05
93	93	4.134004568180991e-05
94	94	0.0013728773552503554
95	95	3.6111728065420825e-05
96	96	3.884002809361185e-05
97	97	5.06029471630487e-05
98	98	0.0002637880896346329
99	99	4.14336634367591e-05
100	100	0.0009687070819045404
101	101	7.619659383979627e-05
102	102	6.709650977103618e-05
103	103	3.76784335246159e-05
104	104	4.757579595357755e-05
105	105	3.971893217320613e-05
106	106	0.007903034691892262
107	107	5.699351422273292e-05
108	108	0.00014619756297677187
109	109	4.541366865438295e-05
110	110	4.3425107343687485e-05
111	111	0.00016216072293783075
112	112	0.0014326370298013962
113	113	0.0020731660160698243
114	114	0.0016991467433273184
115	115	6.518055973530629e-05
116	116	0.00015276790943466367
117	117	0.00020068570253998713
118	118	9.105108909168159e-05
119	119	0.0001935916722882263
120	120	4.624118853802931e-05
121	121	0.00012325378012860465
122	122	6.935878287170741e-05
123	123	6.017814171664544e-05
124	124	9.73904471748514e-05
125	125	8.897637092028924e-05
126	126	7.88588328290374e-05
127	127	8.747642899698702e-05
128	128	4.285273010980101e-05
129	129	5.2132939340568194e-05
130	130	3.826465733477497e-05
131	131	7.572160255745734e-05
132	132	0.0001369822078077968
133	133	8.54292866650441e-05
134	134	6.356758112443163e-05
135	135	9.562240561877556e-05
136	136	0.00021447281154247607
137	137	0.0005016562085244873
138	138	6.546875661383348e-05
139	139	0.0008439607138469755
140	140	7.825261593954631e-05
141	141	3.9260803554110716e-05
142	142	0.00018305802508968334
143	143	0.0001431034703266496
144	144	9.052414810562865e-05
145	145	4.5046442837114745e-05
146	146	0.0002675609629410398
147	147	7.08344848247504e-05
148	148	4.165362332032744e-05
149	149	0.0004649720524697262
150	150	5.232416509577377e-05
151	151	7.765488838331113e-05
152	152	0.0006667304656391875
153	153	0.00035413750171253217
154	154	9.377235579812146e-05
155	155	3.9545990607353594e-05
156	156	4.5562099507129494e-05
157	157	4.847756909458026e-05
158	158	0.0003796832316700679
159	159	6.801598555328734e-05
160	160	5.261342622624626e-05
161	161	7.600594351032633e-05
162	162	4.822854065397906e-05
163	163	5.4619266365788144e-05
164	164	4.32553122687884e-05
165	165	3.8591511081513546e-05
166	166	5.4360917598693685e-05
167	167	0.00026566224772899856
168	168	8.723093860008333e-05
169	169	0.00029933959820458724
170	170	0.00011341795141729848
171	171	0.0002981699226008201
172	172	5.015546436904133e-05
173	173	7.058455434901764e-05
174	174	0.00018793948519804784
175	175	0.0016179174797518272
176	176	0.00010614656347410076
177	177	0.00018070359101865027
178	178	7.185063472966061e-05
179	179	0.00029700859910635944
180	180	0.00023303452212899452
181	181	5.34491398865159e-05
182	182	0.00035899052398631013
183	183	4.461289970150154e-05
184	184	4.552490848714407e-05
185	185	3.983499867329005e-05
186	186	5.649263641514828e-05
187	187	0.00015074077345329862
188	188	0.0002836938421894107
189	189	0.0003432690963188035
190	190	0.00016848356543856853
191	191	5.632746671908502e-05
192	192	0.00012348491706081662
193	193	4.203571715171359e-05
194	194	3.8701602139911765e-05
195	195	6.202630145053292e-05
196	196	6.33625795734618e-05
197	197	5.556824252660017e-05
198	198	5.4984757735262706e-05
199	199	5.1848491873199454e-05
200	200	0.000426096597997401
201	201	4.839429815478755e-05
202	202	0.0007458073141824628
203	203	5.767414421287945e-05
204	204	4.3872344324128776e-05
205	205	0.0006718624435505703
206	206	0.000161779989538928
207	207	4.6665389237661994e-05
208	208	4.06048452118024e-05
209	209	0.00016408928756451557
210	210	3.8400227379508544e-05
211	211	9.784185108689311e-05
212	212	5.4155846622787724e-05
213	213	0.00012656360427674865
214	214	5.105780418345928e-05
215	215	0.0002487871951337483
216	216	4.2391654323864156e-05
217	217	0.00011401514951238493
218	218	3.818373578704454e-05
219	219	0.00010810919486830617
220	220	4.009843478140211e-05
221	221	0.00011013939642871902
222	222	0.00011857695558868506
223	223	0.0004172960763864262
224	224	4.941118147603834e-05
225	225	4.7940956801058235e-05
226	226	0.00036565386326459063
227	227	6.412024152051136e-05
228	228	5.6769900718705504e-05
229	229	4.773745796232114e-05
230	230	0.00021195208222573849
231	231	7.176493672891464e-05
232	232	7.133924297365738e-05
233	233	6.872088013669197e-05
234	234	4.709677925357151e-05
235	235	0.00016292713789295229
236	236	9.419343638678803e-05
237	237	3.726233800828108e-05
238	238	3.715962801184739e-05
239	239	0.0005696475659015096
240	240	0.00042835008215076224
241	241	6.67200920664159e-05
242	242	0.0037773551048747287
243	243	5.6658696222786676e-05
244	244	3.8509318912176845e-05
245	245	0.0017575683980073917
246	246	6.554117112714395e-05
247	247	0.0001248885932434976
248	248	5.110370227602052e-05
249	249	0.0001774992467033362
250	250	5.037829490239989e-05
251	251	5.175430751804448e-05
252	252	4.0816788580829614e-05
253	253	7.726103460111352e-05
254	254	4.662653109728583e-05
255	255	0.0005204285488070017
256	256	0.00011243527069230144
257	257	0.00029357388245184574
258	258	5.0423078925414166e-05
259	259	4.124681499512234e-05
260	260	4.567400749175163e-05
261	261	8.158827791930597e-05
262	262	0.0013355208623397248
263	263	0.0001110854739409706
264	264	8.507712211833125e-05
265	265	0.00038707358892663786
266	266	4.7696948133805515e-05
267	267	0.00011461813797527534
268	268	0.0003140603328751004
269	269	0.0005269747936524417
270	270	5.119572574191557e-05
271	271	4.8728965132528975e-05
272	272	0.1252546588296406
273	273	5.3003696807872017e-05
274	274	0.00017396256059098108
275	275	5.0022631558449347e-05
276	276	0.00010685263738282307
277	277	0.0005853076827956904
278	278	8.041268624394256e-05
279	279	4.415178571996887e-05
280	280	5.082944289482097e-05
281	281	3.6554111438650086e-05
282	282	4.5156037464270055e-05
283	283	5.280790055105038e-05
284	284	4.1184875093795974e-05
285	285	3.9574718247096555e-05
286	286	7.865580647545922e-05
287	287	0.00020012316389294427
288	288	3.804956164791456e-05
289	289	8.987328630681963e-05
290	290	7.254303030304135e-05
291	291	6.061493054821188e-05
292	292	0.0001032388852886564
293	293	0.00013614680973959414
294	294	5.654789043914997e-05
295	295	6.539648864814703e-05
296	296	0.00029585554125491576
297	297	5.266192158695469e-05
298	298	0.00014160107592691985
299	299	4.171686262327904e-05
300	300	0.0003017043575809429
301	301	0.00014746976557841678
302	302	7.167942593459475e-05
303	303	4.1371208477274866e-05
304	304	0.0011737040207053827
305	305	0.00018844076846419075
306	306	8.935874502200239e-05
307	307	0.02060339894234726
308	308	3.8427447104398416e-05
309	309	0.0008135943313198907
310	310	0.00046761769497471344
311	311	0.00011522699882966035
312	312	0.0006986465944162055
313	313	7.21088579502958e-05
314	314	0.00026660850654310167
315	315	0.007453611104140019
316	316	7.432867767982648e-05
317	317	4.975889203617778e-05
318	318	8.094317066896317e-05
319	319	7.40557172109994e-05
320	320	8.974414256607745e-05
321	321	4.651031183164656e-05
322	322	8.847118257294751e-05
323	323	7.091815583446746e-05
324	324	0.0001138154441135859
325	325	5.0966234373270045e-05
326	326	3.6804196282579954e-05
327	327	0.00017352954868528738
328	328	8.279576677017102e-05
329	329	5.5945493550017926e-05
330	330	0.001994441139496919
331	331	0.00012828026716903414
332	332	5.956408068247372e-05
333	333	8.496032479349516e-05
334	334	3.96322884487445e-05
335	335	0.00635003900732936
336	336	3.584618622834069e-05
337	337	4.6012774466878025e-05
338	338	6.17652297981533e-05
339	339	3.786316395615807e-05
340	340	7.745750255253363e-05
341	341	0.00021009692540344073
342	342	0.00027541099275981963
343	343	0.0004521454892551294
344	344	3.94600366442778e-05
345	345	9.620517239657863e-05
346	346	5.16604363514567e-05
347	347	8.438072122033366e-05
348	348	0.00017055295649920176
349	349	4.030554701404323e-05
350	350	0.00010224726546546446
351	351	0.00013184471754736454
352	352	4.9025296793167915e-05
353	353	7.999286829159878e-05
354	354	4.693906718732346e-05
355	355	0.000709915013828203
356	356	0.00011922501497282743
357	357	5.738874656423829e-05
358	358	9.490299044175379e-05
359	359	0.00018595857399136449
360	360	0.002986584911210367
361	361	0.0001517481359359237
362	362	4.713635914998467e-05
363	363	7.968063342884992e-05
364	364	9.829710566901455e-05
365	365	5.359914913657645e-05
366	366	0.00017840408508677571
367	367	9.239335821581635e-05
368	368	9.335471345000302e-05
369	369	5.482757113429615e-05
370	370	9.198688635305757e-05
371	371	0.00022794623005894507
372	372	0.00013477505703401974
373	373	0.00010290639299243031
374	374	0.00017139380868260926
375	375	6.475260103272183e-05
376	376	0.001068225263583139
377	377	7.706547833370592e-05
378	378	4.464873575395658e-05
379	379	0.0001957249072966566
380	380	8.735352569583211e-05
381	381	0.0001221098960585305
382	382	0.018156405900122283
383	383	4.6202975312163106e-05
384	384	0.00010579672595451714
385	385	6.067780367006008e-05
386	386	0.0010217829721762732
387	387	3.575051137144363e-05
388	388	4.159055954911273e-05
389	389	6.657060718920412e-05
390	390	0.0005303048047711101
391	391	0.0003232746179145391
392	392	0.00038334576224610363
393	393	0.000721521175486898
394	394	3.9980958923965535e-05
395	395	0.0004869380163818042
396	396	0.0002383349946130461
397	397	4.689979037286133e-05
398	398	6.074079645698533e-05
399	399	3.7031968291863206e-05
400	400	4.3768388280582225e-05
401	401	0.0002375643076896715
402	402	3.802283050020455e-05
403	403	0.00023679817736553465
404	404	0.00011836236904844992
405	405	0.00021639969085804255
406	406	0.0003673552374196418
407	407	4.814605170804108e-05
408	408	0.00010865604445184274
409	409	3.810312742885654e-05
410	410	0.00019626496212141263
411	411	5.848727005462817e-05
412	412	0.00014779099211197503
413	413	4.71760000708353e-05
414	414	4.3086730409069165e-05
415	415	0.00034478407503058027
416	416	0.0001428006592795811
417	417	0.00019306501175114332
418	418	5.5514730056127054e-05
419	419	0.00032737678175984966
420	420	0.00020470607660391432
421	421	0.0009204758272144843
422	422	5.807809835974602e-05
423	423	5.866425090961657e-05
424	424	0.000573490040829991
425	425	5.6714248501407385e-05
426	426	4.61267222980989e-05
427	427	3.665377047633175e-05
428	428	0.0010107466454033732
429	429	0.0003743082705640188
430	430	0.012124846253888339
431	431	0.00028910607566190737
432	432	3.635627672934057e-05
433	433	0.0001455689818488086
434	434	8.834570637197123e-05
435	435	4.9497690686933195e-05
436	436	0.0008849604479664282
437	437	5.0738621979825595e-05
438	438	0.0007334800070313336
439	439	7.075099461869888e-05
440	440	8.759964969131331e-05
441	441	0.00031926571664378636
442	442	7.51587337070776e-05
443	443	9.447608729398189e-05
444	444	0.00031278323277193217
445	445	0.00020125114699745623
446	446	5.819446788873967e-05
447	447	0.0005046980826444352
448	448	4.2819491614976055e-05
449	449	0.0008681309287250032
450	450	0.0001045887749811459
451	451	8.062411307682871e-05
452	452	8.169671288342442e-05
453	453	0.0002414641056242048
454	454	5.89017578993928e-05
455	455	0.00604646958681484
456	456	9.013259845093982e-05
457	457	4.3907096989220954e-05
458	458	4.86868999882595e-05
459	459	4.301963454442365e-05
460	460	5.7502594289453904e-05
461	461	5.842849380284035e-05
462	462	0.00010738786661537466
463	463	8.566555106711861e-05
464	464	5.2759158547138404e-05
465	465	7.488016751071538e-05
466	466	4.737512484908927e-05
467	467	9.984305310905055e-05
468	468	0.0003287654419171788
469	469	0.00433324410934375
470	470	0.00041301978308361774
471	471	4.298615840107559e-05
472	472	3.670378699041816e-05
473	473	0.00390361413791732
474	474	0.00023527943062985095
475	475	4.2687009012439286e-05
476	476	8.313078378305377e-05
477	477	6.887934486576899e-05
478	478	0.0003358738001919865
479	479	4.482871042907406e-05
480	480	6.627347240024323e-05
481	481	4.359612837510433e-05
482	482	0.0002704561135583393
483	483	0.00010774742410202316
484	484	0.00027743980022654
485	485	0.00010939311116232379
486	486	3.620918463947431e-05
487	487	0.054520256899803735
488	488	8.910349514883857e-05
489	489	0.00016807520299008007
490	490	5.721874784671861e-05
491	491	0.00019680775518142725
492	492	0.0006017755669181848
493	493	4.226158535691047e-05
494	494	4.439898608312423e-05
495	495	7.117025939820692e-05
496	496	5.62178446731269e-05
497	497	0.00012632180152081352
498	498	0.00025741539299920695
499	499	3.693041812406241e-05
500	500	8.073020906479775e-05
501	501	0.0001920195341309114
502	502	7.78531983441654e-05
503	503	5.180136045214186e-05
504	504	5.2468430208689216e-05
505	505	4.898276165107863e-05
506	506	0.00016254310226580698
507	507	6.5037332007683e-05
508	508	0.00023155962159936082
509	509	0.00012076268718398931
510	510	3.6014751304292275e-05
511	511	4.174854832136932e-05
512	512	0.0004423429956295324
513	513	5.693745962443615e-05
514	514	7.755608034363774e-05
515	515	0.00016930577022191106
516	516	0.00016140089178405347
517	517	5.727531139866552e-05
518	518	3.6063179923271055e-05
519	519	0.00023911027766157364
520	520	5.0557869933913396e-05
521	521	6.911830175664053e-05
522	522	4.072570792612208e-05
523	523	0.00014340746066950928
524	524	5.305285395662932e-05
525	525	3.5822223539362704e-05
526	526	6.196084409442632e-05
527	527	3.8951423944386426e-05
528	528	5.092056229501092e-05
529	529	0.0005336735983862036
530	530	0.00403783185517173
531	531	4.404661374511301e-05
532	532	7.638812274200795e-05
533	533	5.019988576991316e-05
534	534	0.00012465262048604882
535	535	3.695575776681946e-05
536	536	4.571142220132498e-05
537	537	3.736556967602514e-05
538	538	0.00010031555841560812
539	539	8.403642736636533e-05
540	540	0.0001909843891624161
541	541	4.4577116345599886e-05
542	542	5.5142772492411796e-05
543	543	6.755337973694738e-05
544	544	0.0001287786040468733
545	545	0.00020588198414875532
546	546	5.796215473813207e-05
547	547	5.2228391769426045e-05
548	548	0.000682346578426898
549	549	0.0002694847061070716
550	550	5.051286626749689e-05
551	551	0.0006566793111964443
552	552	8.137219776924218e-05
553	553	4.057473223141086e-05
554	554	9.266617318944098e-05
555	555	9.307817523456813e-05
556	556	4.4792609193166263e-05
557	557	7.591094598029599e-05
558	558	0.00011730003135060083
559	559	6.880002885862326e-05
560	560	3.948864987972369e-05
561	561	0.0002082713220460514
562	562	4.252245908826365e-05
563	563	3.6331685369458494e-05
564	564	0.0005140298619237043
565	565	0.0025108794992898882
566	566	5.5461311986608954e-05
567	567	0.00015916008831819668
568	568	5.7904341934605406e-05
569	569	8.369470025591821e-05
570	570	4.096942220155044e-05
571	571	5.1895701971791876e-05
572	572	6.222343628577605e-05
573	573	5.2905632622518114e-05
574	574	0.00013782705185771255
575	575	0.0008599345893173469
576	576	4.8855561253166744e-05
577	577	0.00010241132043340406
578	578	0.0003889625194908304
579	579	4.7616117271538244e-05
580	580	0.00010720891170519735
581	581	4.41166772831452e-05
582	582	0.00012098532539583539
583	583	4.054466016792101e-05
584	584	0.00032599883731747586
585	585	0.0008209962354082397
586	586	3.657897959059158e-05
587	587	3.8345893845132065e-05
588	588	0.00011127647918341602
589	589	4.2132246182427473e-05
590	590	6.080390924055591e-05
591	591	0.0001156362097034971
592	592	0.00031794960982875866
593	593	4.697840434747285e-05
594	594	0.00011302299639813765
595	595	7.37845888770212e-05
596	596	8.426566967997703e-05
597	597	0.00018401560781614097
598	598	3.58941998699416e-05
599	599	0.00010510335658347317
600	600	4.9671544660879074e-05
601	601	5.638242481195864e-05
602	602	3.796947136757608e-05
603	603	0.00015484558945436105
604	604	0.0002913242775336593
605	605	0.00010208369166122998
606	606	0.0005475500325004665
607	607	6.011621412200371e-05
608	608	4.63946225507907e-05
609	609	0.00024548289757748705
610	610	0.0017881789339728891
611	611	3.7288096868276495e-05
612	612	3.613604709184108e-05
613	613	4.018695771469375e-05
614	614	0.002248951327243953
615	615	0.00022035015909332504
616	616	0.00040267289960329493
617	617	5.114967606825986e-05
618	618	9.225750228670154e-05
619	619	3.992245734112047e-05
620	620	4.5266121916291864e-05
621	621	0.00020647459227764251
622	622	4.631778906587524e-05
623	623	9.504607824417004e-05
624	624	3.900734176503746e-05
625	625	5.4775358544945195e-05
626	626	0.00011625504432839183
627	627	0.00020239084109723756
628	628	4.272005915117943e-05
629	629	0.0001326322412793313
630	630	0.00027340921962159734
631	631	0.00025830842097578603
632	632	0.0002610218954906387
633	633	0.0001718170903012903
634	634	5.999270881608789e-05
635	635	0.000408823149467119
636	636	5.733197754753698e-05
637	637	0.0001187922564432355
638	638	0.00010047397223645428
639	639	4.149629146703217e-05
640	640	0.00010544899646625156
641	641	0.0012031074151745442
642	642	3.69051103168448e-05
643	643	0.00011814849338057032
644	644	6.525239063737713e-05
645	645	3.917598156768679e-05
646	646	3.6753928773543024e-05
647	647	0.00010562259886306015
648	648	4.401165842757701e-05
649	649	4.997849718841787e-05
650	650	4.559934626677154e-05
651	651	0.002570074258687407
652	652	3.807632726923022e-05
653	653	0.0001701353610768013
654	654	0.00012279387812729443
655	655	4.6356176624344275e-05
656	656	0.008968150277537588
657	657	3.567906195833394e-05
658	658	8.301883570098648e-05
659	659	4.962797631614927e-05
660	660	9.518956206261193e-05
661	661	4.608868225562845e-05
662	662	5.339930773171553e-05
663	663	4.9067899700707256e-05
664	664	3.752140377169533e-05
665	665	0.0003373293739294448
666	666	0.0001270497639060075
667	667	0.00020296513516106883
668	668	7.193652053356591e-05
669	669	4.686057376952704e-05
670	670	9.349354806375422e-05
671	671	4.42574190059746e-05
672	672	0.00015007598536670238
673	673	3.628259402792582e-05
674	674	6.370492553979322e-05
675	675	0.00012978599703905285
676	676	0.003546111236864738
677	677	0.00016102341947235065
678	678	3.856407798353254e-05
679	679	4.8187263820868104e-05
680	680	0.00010274088211794912
681	681	7.159410175245385e-05
682	682	8.030735361729257e-05
683	683	6.724816884291924e-05
684	684	0.000157697671063188
685	685	3.6430234226344925e-05
686	686	3.8729214912351344e-05
687	687	0.0013175341330171862
688	688	7.442007475922387e-05
689	689	0.0004956722596566401
690	690	0.0004812704742650584
691	691	9.533344349331468e-05
692	692	0.00018995942897249583
693	693	0.00041946478555995317
694	694	5.944264526071623e-05
695	695	9.065535836280925e-05
696	696	5.61631802115899e-05
697	697	0.0007921057996336037
698	698	6.747683922799359e-05
699	699	6.309112273705829e-05
700	700	9.171772215036878e-05
701	701	4.7859366751540714e-05
702	702	0.0003166434154860909
703	703	0.00012418311926053758
704	704	4.045468867172263e-05
705	705	0.0024541372060884518
706	706	0.00014130406269137304
707	707	0.0009586946329836097
708	708	4.468462461591897e-05
709	709	0.004858300542738943
710	710	0.00030653804091332457
711	711	5.128805346329699e-05
712	712	0.00014041983860499496
713	713	3.9289152410022444e-05
714	714	4.674328388659173e-05
715	715	4.229403394713846e-05
716	716	3.7916249356876396e-05
717	717	3.660387877658682e-05
718	718	3.57266657746677e-05
719	719	3.864648474118438e-05
720	720	0.0003077687050097792
721	721	8.772318897243896e-05
722	722	8.674372871905422e-05
723	723	5.5729348776371765e-05
724	724	7.835305784262757e-05
725	725	4.103076897449423e-05
726	726	5.0467935989311945e-05
727	727	4.6471690024700596e-05
728	728	0.00010829091643227366
729	729	8.461169030375778e-05
730	730	0.0003115156214175363
731	731	0.00021575388242717536
732	732	0.00014494533780594975
733	733	0.0001277854543687422
734	734	4.7255465534055994e-05
735	735	0.00011987959744250288
736	736	4.851930313706261e-05
737	737	4.5824004191158055e-05
738	738	4.08777167354758e-05
739	739	4.5487773085567974e-05
740	740	5.2085332974325345e-05
741	741	6.282179042799527e-05
742	742	6.717226083803548e-05
743	743	5.5354758083114314e-05
744	744	0.000160273310790878
745	745	0.00022443488460992256
746	746	0.001299986588392945
747	747	8.590301616574431e-05
748	748	0.00034027547630159004
749	749	4.1939592803384925e-05
750	750	0.0007716353635342753
751	751	0.00011185312385283768
752	752	4.3120350329538396e-05
753	753	6.124908673817327e-05
754	754	6.561373262073126e-05
755	755	6.679506547956967e-05
756	756	7.553312317824958e-05
757	757	0.00012143286651785501
758	758	6.377380193259758e-05
759	759	0.00027846450827468197
760	760	0.00015208667049638506
761	761	7.855465229713634e-05
762	762	5.6437481291845064e-05
763	763	0.00012729412951321958
764	764	0.00022512919189531338
765	765	4.235906833678904e-05
766	766	7.289383257849597e-05
767	767	6.951995740310793e-05
768	768	5.218062554064175e-05
769	769	0.00013642423571078063
770	770	0.00010902343587322635
771	771	7.978446311283648e-05
772	772	0.00012753935818715523
773	773	4.288601593758408e-05
774	774	0.0005108843481839983
775	775	5.5248578889587216e-05
776	776	4.328917382134428e-05
777	777	6.461109108593717e-05
778	778	0.0001212087172682513
779	779	0.00015554969938136743
780	780	9.078691771001683e-05
781	781	0.0015676207843536658
782	782	3.8979364471686976e-05
783	783	5.860514831598782e-05
784	784	3.746932687796877e-05
785	785	8.268464394770817e-05
786	786	0.0005934369165135339
787	787	4.0069006537822196e-05
788	788	6.005440326174881e-05
789	789	4.127784902689922e-05
790	790	0.00021383749355614835
791	791	0.00015625970143712655
792	792	9.953031065603259e-05
793	793	3.934596284547712e-05
794	794	7.716314289197079e-05
795	795	5.68815060171408e-05
796	796	3.778379088507342e-05
797	797	0.0003573593675993202
798	798	3.5870178321030475e-05
799	799	7.805243874180427e-05
800	800	0.0001047597880911613
801	801	0.00017795061152854803
802	802	0.0004927291316208628
803	803	3.762595660029516e-05
804	804	0.002764015017391468
805	805	3.9690012375885454e-05
806	806	3.911962000983784e-05
807	807	0.00016606032285938072
808	808	6.163544820575866e-05
809	809	4.349336792206893e-05
810	810	0.00011070526136567864
811	811	0.0011455917652045669
812	812	4.418694541338501e-05
813	813	8.69867083028436e-05
814	814	0.013252501449241963
815	815	3.6380898621978906e-05
816	816	7.307040219101381e-05
817	817	0.000175273559786866
818	818	0.00011708965916993727
819	819	0.0001743975575476696
820	820	4.7215702153074244e-05
821	821	5.8311265604596766e-05
822	822	0.0004352434670760469
823	823	4.605069968729529e-05
824	824	6.687019349156233e-05
825	825	0.00013450374340923322
826	826	0.00014651372274376316
827	827	0.00012953279726448177
828	828	0.00019150067937283798
829	829	0.00013055106855884712
830	830	0.00018023935579549954
831	831	4.915330944120938e-05
832	832	4.43280989359199e-05
833	833	0.001819781258045463
834	834	6.242172283335404e-05
835	835	0.00021071199311640742
836	836	4.5899341636353154e-05
837	837	3.67790467836825e-05
838	838	0.0003463113569935697
839	839	5.562184964087985e-05
840	840	4.826988235531659e-05
841	841	0.00020887661517460923
842	842	0.0002446693670760312
843	843	0.00022937910172849598
844	844	0.00018894450845319917
845	845	3.770472233191242e-05
846	846	6.992591300729892e-05
847	847	4.3941900156896794e-05
848	848	0.00039473201797893834
849	849	5.503733699077848e-05
850	850	0.002696463755675358
851	851	3.951730117618702e-05
852	852	3.6879834287022825e-05
853	853	0.00020181951914953562
854	854	8.449606107755016e-05
855	855	0.00011604809277531778
856	856	6.398125257432468e-05
857	857	0.0005773803022509793
858	858	0.00027642198412758314
859	859	6.786113984681774e-05
860	860	6.248807597822605e-05
861	861	0.001592405146170833
862	862	3.6829377327686765e-05
863	863	0.0006877018080861655
864	864	3.672884219484734e-05
865	865	5.813622974372694e-05
866	866	0.00015842578611817055
867	867	6.105756701501191e-05
868	868	0.0001541473008000635
869	869	5.38508866822586e-05
870	870	4.574889313902798e-05
871	871	3.889565290716946e-05
872	872	0.00010079217950998045
873	873	5.6108613120153435e-05
874	874	0.00010976509102860684
875	875	0.00026472212801375227
876	876	4.745520675595804e-05
877	877	4.993443415451987e-05
878	878	8.257379424578283e-05
879	879	0.0002714339599832784
880	880	8.02022736694823e-05
881	881	8.472760995613274e-05
882	882	0.001921028708653953
883	883	5.4671206391250104e-05
884	884	6.38428149725817e-05
885	885	0.00017224229235583512
886	886	4.7335176743693174e-05
887	887	6.0240186366620845e-05
888	888	0.00012394958262101324
889	889	4.262104917764882e-05
890	890	4.0275839590821335e-05
891	891	0.00012852899282080562
892	892	0.00010159583678833393
893	893	5.8020073452361594e-05
894	894	6.864189818727261e-05
895	895	9.118370385198316e-05
896	896	4.545069318149981e-05
897	897	8.519421414909304e-05
898	898	0.00019735330671774836
899	899	0.00016645974630718767
900	900	4.4864865044051055e-05
901	901	5.451565727058126e-05
902	902	3.94029240626284e-05
903	903	0.0003102573966107284
904	904	6.568644152892625e-05
905	905	0.00047029106690562683
906	906	5.5891313426818845e-05
907	907	0.0001599006544327253
908	908	0.00041091164437638967
909	909	0.00011441649341476915
910	910	0.0001009519768513426
911	911	4.1092284366739925e-05
912	912	5.854615479517266e-05
913	913	6.74004575617072e-05
914	914	3.6678763103214574e-05
915	915	6.295619253128812e-05
916	916	8.05182724341814e-05
917	917	4.501001959710107e-05
918	918	0.0005975795774748451
919	919	5.38003659547394e-05
920	920	5.778903293477421e-05
921	921	7.387476252330613e-05
922	922	6.235549874595936e-05
923	923	7.025381862955227e-05
924	924	0.00016889375056344138
925	925	5.101198160940872e-05
926	926	4.187573351092113e-05
927	927	0.0003966901747606491
928	928	0.00014189923573030509
929	929	0.00010703050276750924
930	930	8.71086665278026e-05
931	931	7.142401086007438e-05
932	932	6.976301049516682e-05
933	933	0.00011543127182056036
934	934	4.741513480671253e-05
935	935	0.0006770673093024036
936	936	0.00012441746385813597
937	937	9.158368091228525e-05
938	938	7.017157828284258e-05
939	939	6.302359143291539e-05
940	940	0.00011282646316349571
941	941	5.1707332880938144e-05
942	942	0.0012661480496433267
943	943	7.35152748450995e-05
944	944	0.0001487624125761338
945	945	9.937461209608061e-05
946	946	0.0002858362721334877
947	947	0.0003622941106742951
948	948	8.235291030682463e-05
949	949	5.06933230101511e-05
950	950	9.547772414096881e-05
951	951	3.90634069317132e-05
952	952	3.9805923800861805e-05
953	953	0.0009023979215479834
954	954	9.968645703504683e-05
955	955	3.91477821931677e-05
956	956	6.763007956950005e-05
957	957	4.42221564723126e-05
958	958	4.4081619994297974e-05
959	959	5.968597169407861e-05
960	960	0.0007395965772631861
961	961	4.980267139629728e-05
962	962	0.0001484373080899592
963	963	5.519562921055505e-05
964	964	0.00014811350378510308
965	965	0.00021770199472099987
966	966	5.087496519516324e-05
967	967	6.66452727897926e-05
968	968	0.0001350473756931293
969	969	3.757361351463106e-05
970	970	4.643312697439187e-05
971	971	0.0006469025035988136
972	972	0.0015201182520437908
973	973	8.602220175292159e-05
974	974	3.853668061630427e-05
975	975	0.00041514783549036113
976	976	0.00036063538232546804
977	977	0.00019900671756181536
978	978	8.009744551981008e-05
979	979	0.00047848185005471385
980	980	3.685458997659202e-05
981	981	9.891018472477467e-05
982	982	3.698112930339943e-05
983	983	0.0006327283086626103
984	984	0.00017097243490935365
985	985	4.3561825474819045e-05
986	986	4.511945165368939e-05
987	987	5.567555164263829e-05
988	988	0.00028476136331865394
989	989	9.67944837641691e-05
990	990	0.0002947106637512993
991	991	0.00014908882485119534
992	992	8.21331072053602e-05
993	993	3.829170108777451e-05
994	994	5.8252813080217653e-05
995	995	4.519267769961326e-05
996	996	0.00010756736993168332
997	997	0.005513068214849643
998	998	3.9893265367348686e-05
999	999	0.00034176627722319017
1000	1000	4.210002472129327e-05
1001	1001	0.00010111223927289822
1002	1002	6.099397090495813e-05
1003	1003	0.00015141098033472284
1004	1004	5.627260675769431e-05
1005	1005	8.784704803989058e-05
1006	1006	0.00017931741597243482
1007	1007	4.932494905432683e-05
1008	1008	0.0006191132772041052
1009	1009	0.00018117002309540292
1010	1010	7.543920571452198e-05
1011	1011	0.00020412273003289044
1012	1012	4.0246172285658356e-05
1013	1013	6.363618540097465e-05
1014	1014	4.493733487105189e-05
1015	1015	6.575929828774581e-05
1016	1016	0.01032965707417942
1017	1017	8.961533863661133e-05
1018	1018	0.0006146936759835902
1019	1019	0.00023452673736655883
1020	1020	0.0006931345984973327
1021	1021	7.506566748385495e-05
1022	1022	0.00036907118152459256
1023	1023	5.884221606834298e-05
1024	1024	0.0002628600755401488
1025	1025	4.232652824253128e-05
1026	1026	3.739145955596238e-05
1027	1027	0.0005236829189929717
1028	1028	0.00044475687099722127
1029	1029	4.450570727322422e-05
1030	1030	7.66770763427921e-05
1031	1031	0.00324437267264967
1032	1032	0.00027440675976309894
1033	1033	3.6454948048810585e-05
1034	1034	0.00012902910544091068
1035	1035	8.202360856722789e-05
1036	1036	4.864490136926846e-05
1037	1037	4.039491078266331e-05
1038	1038	9.144999837837456e-05
1039	1039	4.003961786525541e-05
1040	1040	0.0001652667256022352
1041	1041	9.433456776050229e-05
1042	1042	8.08365612951189e-05
1043	1043	4.1527670601845746e-05
1044	1044	0.0003041035931569732
1045	1045	6.170027644290875e-05
1046	1046	0.00011322015817336331
1047	1047	0.0003725475113676323
1048	1048	4.4901073152975894e-05
1049	1049	0.00012233711246783976
1050	1050	0.03351570681555019
1051	1051	4.1622069537577765e-05
1052	1052	7.845373635795133e-05
1053	1053	8.380832581943985e-05
1054	1054	0.00012009925770306767
1055	1055	6.612581522085794e-05
1056	1056	6.824947222692633e-05
1057	1057	5.5090008497955645e-05
1058	1058	4.53766993840042e-05
1059	1059	0.00019518757066060334
1060	1060	0.0005405301898582975
1061	1061	0.00014012734808652486
1062	1062	4.278630035526962e-05
1063	1063	4.2588139288815155e-05
1064	1064	6.770693920849611e-05
1065	1065	3.579829020170974e-05
1066	1066	3.7889689612168215e-05
1067	1067	4.586164455263731e-05
1068	1068	5.441240792912931e-05
1069	1069	6.832762793256539e-05
1070	1070	9.635188252498751e-05
1071	1071	0.0004986477782531185
1072	1072	4.3664882943036454e-05
1073	1073	4.429273312389901e-05
1074	1074	5.914103372823246e-05
1075	1075	0.0014121952288588609
1076	1076	4.248968858531976e-05
1077	1077	0.0001407134503624207
1078	1078	0.00010340587093914862
1079	1079	8.148010652485441e-05
1080	1080	9.769095761023436e-05
1081	1081	0.00011793532516482199
1082	1082	0.011161443683050852
1083	1083	0.004670849247251304
1084	1084	9.091882749982192e-05
1085	1085	5.242026089119357e-05
1086	1086	0.00017977730240794322
1087	1087	6.903848079687757e-05
1088	1088	0.0003329969422043681
1089	1089	0.0031540439191775262
1090	1090	6.425978501081862e-05
1091	1091	7.937062568047987e-05
1092	1092	0.00021901873943394677
1093	1093	7.280584083134104e-05
1094	1094	6.49659343349971e-05
1095	1095	0.0001150233875977471
1096	1096	3.741738234232682e-05
1097	1097	0.0006060258892622264
1098	1098	5.32503210854496e-05
1099	1099	9.131667315408773e-05
1100	1100	0.0011056692041938308
1101	1101	7.58161659037606e-05
1102	1102	4.1215823712621337e-05
1103	1103	3.570284932089051e-05
1104	1104	0.00010649852766467254
1105	1105	0.00018498241418469456
1106	1106	7.478773237284463e-05
1107	1107	4.454138557361454e-05
1108	1108	0.00011146808739829261
1109	1109	0.0014536279346415934
1110	1110	3.848199280366646e-05
1111	1111	0.00024067479250030994
1112	1112	6.80936515347848e-05
1113	1113	7.534550211934668e-05
1114	1114	3.59905816823084e-05
1115	1115	4.37338365635222e-05
1116	1116	6.468177511086343e-05
1117	1117	4.593709556672202e-05
1118	1118	0.0008764716387138149
1119	1119	4.790012992780691e-05
1120	1120	0.0001766027864451248
1121	1121	0.00028691864323339905
1122	1122	4.181205225727545e-05
1123	1123	4.335704291637547e-05
1124	1124	0.0001164626735021878
1125	1125	4.989044228916441e-05
1126	1126	0.00016064756248630006
1127	1127	0.0008361763122133624
1128	1128	0.001497345076025938
1129	1129	0.0029088443636159874
1130	1130	5.1990358966920996e-05
1131	1131	0.00010792803158865524
1132	1132	0.00015311063044392683
1133	1133	0.000423864753565015
1134	1134	9.185212349432646e-05
1135	1135	3.754749200622339e-05
1136	1136	4.749534083663353e-05
1137	1137	0.00011051604857013835
1138	1138	0.00010357335243036895
1139	1139	0.0023474408386057323
1140	1140	7.735915423040364e-05
1141	1141	9.026276948524112e-05
1142	1142	3.7210918041123405e-05
1143	1143	4.810490416799787e-05
1144	1144	0.00021511159862563168
1145	1145	0.0002398901968124026
1146	1146	0.0006235914866462458
1147	1147	5.660324362201332e-05
1148	1148	0.00011966067261416067
1149	1149	0.00043995303075278723
1150	1150	0.004496244392291344
1151	1151	0.0002183585474559952
1152	1152	0.0009297657190748199
1153	1153	0.0001323687771615892
1154	1154	0.0005583984673234295
1155	1155	0.0007783500891221809
1156	1156	4.1000074552657986e-05
1157	1157	5.2710498959954756e-05
1158	1158	0.00013342843209439252
1159	1159	5.420698126317859e-05
1160	1160	5.315141939889245e-05
1161	1161	0.00010127296874610897
1162	1162	0.00010374133190678299
1163	1163	4.1402414366679465e-05
1164	1164	0.0033395600346010717
1165	1165	4.508292015036284e-05
1166	1166	0.0005370818349753407
1167	1167	4.475656122177266e-05
1168	1168	5.9747088823630304e-05
1169	1169	9.921935948952127e-05
1170	1170	5.744561872061439e-05
1171	1171	0.00019254097200769219
1172	1172	3.66288090530005e-05
1173	1173	3.59182509277068e-05
1174	1174	0.00011421549827306303
1175	1175	6.04270258754358e-05
1176	1176	4.530292613431854e-05
1177	1177	0.0001573359100616795
1178	1178	3.718525681412011e-05
1179	1179	0.0004546585701327939
1180	1180	0.0007156749637564061
1181	1181	5.285672517489087e-05
1182	1182	5.9808320785942935e-05
1183	1183	0.00010527591646752097
1184	1184	5.1942990939101525e-05
1185	1185	5.4932270496577904e-05
1186	1186	0.00011089506891490514
1187	1187	0.00012054079893999606
1188	1188	9.724082672986244e-05
1189	1189	0.00014941655258124295
1190	1190	9.605887129396473e-05
1191	1191	4.3221499244285376e-05
1192	1192	4.380299007589231e-05
1193	1193	3.8674025439022704e-05
1194	1194	4.352757202501466e-05
1195	1195	3.886782225730963e-05
1196	1196	0.00011263055555910679
1197	1197	0.0002530338869960717
1198	1198	0.0005077739441382222
1199	1199	0.00011687997766043087
1200	1200	7.926778068885689e-05
1201	1201	3.723661175256103e-05
1202	1202	0.0007585198456001662
1203	1203	6.432976571658646e-05
1204	1204	3.995168850113975e-05
1205	1205	4.670430679002414e-05
1206	1206	0.0022972287916762624
1207	1207	5.920113131364089e-05
1208	1208	6.055217676107384e-05
1209	1209	4.0786386901477096e-05
1210	1210	0.00022169649280170115
1211	1211	0.00026851967614125425
1212	1212	6.18303086230402e-05
1213	1213	8.224287413282091e-05
1214	1214	4.860296912263518e-05
1215	1215	4.843590081736612e-05
1216	1216	8.650199055405301e-05
1217	1217	3.603895070015345e-05
1218	1218	5.405384221206537e-05
1219	1219	4.4363516552178495e-05
1220	1220	6.137737945223055e-05
1221	1221	6.255455854672836e-05
1222	1222	0.0011882389986070997
1223	1223	0.0005893466038461719
1224	1224	6.605221260907761e-05
1225	1225	5.369958475996612e-05
1226	1226	5.7846634760314747e-05
1227	1227	6.510887366686894e-05
1228	1228	3.705743586101631e-05
1229	1229	5.878278449065851e-05
1230	1230	6.919829207323906e-05
1231	1231	4.265400572010312e-05
1232	1232	9.461799654200359e-05
1233	1233	0.00023010174508008321
1234	1234	8.346829443633363e-05
1235	1235	0.00010957881171936258
1236	1236	3.8756863825012375e-05
1237	1237	7.815240984072645e-05
1238	1238	0.0004067540332352882
1239	1239	4.8897894037038123e-05
1240	1240	8.638158412377787e-05
1241	1241	0.0006616699002967208
1242	1242	0.00013811079254119038
1243	1243	0.0003557417477695415
1244	1244	7.875719971187496e-05
1245	1245	0.014588558723772481
1246	1246	0.00010667531314570478
1247	1247	0.0012183205137751962
1248	1248	6.157074473644684e-05
1249	1249	0.0001443265746452133
1250	1250	4.206784840837445e-05
1251	1251	0.00012680625695438177
1252	1252	7.150896359071812e-05
1253	1253	8.859698588332241e-05
1254	1254	8.797122809912951e-05
1255	1255	6.489468022768266e-05
1256	1256	0.0017279050133419717
1257	1257	9.476029706752815e-05
1258	1258	0.0012338900406699256
1259	1259	0.005277645868100697
1260	1260	6.583230333490112e-05
1261	1261	5.456741673511472e-05
1262	1262	5.896141028156368e-05
1263	1263	5.902117351366764e-05
1264	1264	7.648421850005274e-05
1265	1265	4.971518317938126e-05
1266	1266	0.0018861540501444068
1267	1267	0.00013369577906744608
1268	1268	0.00012512538625690688
1269	1269	5.2565012676587755e-05
1270	1270	7.100200821792761e-05
1271	1271	0.00015806095994729815
1272	1272	0.00022237532854537648
1273	1273	7.34259036299315e-05
1274	1274	5.133433187737367e-05
1275	1275	4.6782320659970656e-05
1276	1276	0.0001321062709367152
1277	1277	3.8373042981970244e-05
1278	1278	0.00030289962032341273
1279	1279	0.0001633128402752855
1280	1280	5.1613617740834636e-05
1281	1281	6.927845226983349e-05
1282	1282	6.131317157733803e-05
1283	1283	5.755967354449316e-05
1284	1284	6.189551327041489e-05
1285	1285	7.125465934703723e-05
1286	1286	0.00011944247964201502
1287	1287	0.00020707033514440573
1288	1288	4.627945974658038e-05
1289	1289	0.0010445311031936886
1290	1290	0.00027949617636161277
1291	1291	3.7313888392685405e-05
1292	1292	4.155909326657618e-05
1293	1293	0.00016370021995563153
1294	1294	7.497281231689398e-05
1295	1295	4.075602671067566e-05
1296	1296	4.130892589377773e-05
1297	1297	0.0003852014082359822
1298	1298	0.00013158411197118001
1299	1299	0.00015519691235664298
1300	1300	0.0009392289585551731
1301	1301	5.540798807601155e-05
1302	1302	4.765650128431636e-05
1303	1303	0.0004006603749410175
1304	1304	0.0003815064393976943
1305	1305	6.840594787790646e-05
1306	1306	0.00017704997637797527
1307	1307	4.305315851393815e-05
1308	1308	0.00019412097272702175
1309	1309	0.00015952958353932615
1310	1310	0.0005440193536121715
1311	1311	4.066519424761556e-05
1312	1312	6.895882867290232e-05
1313	1313	4.533978525049267e-05
1314	1314	4.015741029199074e-05
1315	1315	0.00024305705013605194
1316	1316	4.497365031380822e-05
1317	1317	0.00012188345213575607
1318	1318	0.0001854693167025998
1319	1319	0.00012165777688535744
1320	1320	0.00011204655768827638
1321	1321	8.180541235237208e-05
1322	1322	7.396513841447925e-05
1323	1323	5.0288945288098235e-05
1324	1324	0.00011584181563101783
1325	1325	0.0009999269093069225
1326	1326	0.00017615766292189468
1327	1327	4.9196116589907265e-05
1328	1328	7.219531076913401e-05
1329	1329	0.0001534547636766018
1330	1330	7.066768464858483e-05
1331	1331	4.216451288398094e-05
1332	1332	3.8784548946737445e-05
1333	1333	0.0002463014010335651
1334	1334	7.423748617609973e-05
1335	1335	0.00010307239334653085
1336	1336	4.984652142527692e-05
1337	1337	9.391233194015163e-05
1338	1338	0.00023377844698694943
1339	1339	4.219682491840489e-05
1340	1340	0.0002308285732560656
1341	1341	0.0002805348734625858
1342	1342	6.405067792995233e-05
1343	1343	3.6258093936581594e-05
1344	1344	0.0004216542479104712
1345	1345	0.00028800855220970035
1346	1346	9.664653652992874e-05
1347	1347	0.00018945072271700532
1348	1348	0.0011186897968065955
1349	1349	7.271804361924117e-05
1350	1350	0.0001237168498940844
1351	1351	0.0001821095385631113
1352	1352	3.937442456998475e-05
1353	1353	3.713403157474544e-05
1354	1354	5.064809812993488e-05
1355	1355	0.00019956350938634443
1356	1356	7.008951426276147e-05
1357	1357	3.8156831622659e-05
1358	1358	9.000277116439196e-05
1359	1359	0.00011361637907599879
1360	1360	0.000139256542017981
1361	1361	0.00030051771357502305
1362	1362	0.0004329232014983861
1363	1363	0.00013132444922049256
1364	1364	5.334956068733907e-05
1365	1365	5.682565313640764e-05
1366	1366	0.0003153470253937238
1367	1367	0.0001697196363726367
1368	1368	6.34307785987075e-05
1369	1369	6.634752786569921e-05
1370	1370	4.658773223706127e-05
1371	1371	0.00011751109751648262
1372	1372	0.0002556462171757036
1373	1373	6.0364628122160926e-05
1374	1374	9.252958136820185e-05
1375	1375	4.2919349196431e-05
1376	1376	3.7757400949389424e-05
1377	1377	0.00026011161889249307
1378	1378	0.00203310522163295
1379	1379	0.00010390981152504584
1380	1380	0.00021133037007011287
1381	1381	6.418994374671906e-05
1382	1382	0.00013532070481093227
1383	1383	0.0001253630036801279
1384	1384	0.00012031965699484987
1385	1385	6.093049612994599e-05
1386	1386	0.00046235372299448897
1387	1387	8.884957880583772e-05
1388	1388	0.00010424827987520119
1389	1389	4.682141724315474e-05
1390	1390	5.53016217675072e-05
1391	1391	0.00013754437805067675
1392	1392	8.358135680076212e-05
1393	1393	8.872311754493955e-05
1394	1394	0.00014463534959513458
1395	1395	0.0009789129223788948
1396	1396	6.732423425906029e-05
1397	1397	7.33367313993426e-05
1398	1398	0.00013896847473269445
1399	1399	8.809573036158825e-05
1400	1400	0.0008285225408619838
1401	1401	0.000249626039044633
1402	1402	0.0010929237812377511
1403	1403	7.562725522127756e-05
1404	1404	7.315898131956232e-05
1405	1405	0.0001424990208855547
1406	1406	4.7295290351540215e-05
1407	1407	0.0004496577580872333
1408	1408	0.00014974560349146466
1409	1409	4.1061505551100825e-05
1410	1410	3.977688781039701e-05
1411	1411	9.694284673973919e-05
1412	1412	0.0013539629487223737
1413	1413	4.363048082977854e-05
1414	1414	7.000762601995137e-05
1415	1415	0.0001566169344658914
1416	1416	0.0002504700828873997
1417	1417	6.118512459210785e-05
1418	1418	4.033529463428201e-05
1419	1419	4.3699334819360594e-05
1420	1420	5.9261340954886964e-05
1421	1421	6.209188569550854e-05
1422	1422	4.190764085708312e-05
1423	1423	7.896070665332005e-05
1424	1424	5.583722942188999e-05
1425	1425	0.0030682212352677266
1426	1426	0.002631878752377271
1427	1427	0.0003301649394292569
1428	1428	0.0002902112912144409
1429	1429	0.0001355950498502892
1430	1430	4.397675393397651e-05
1431	1431	8.578413297537612e-05
1432	1432	9.709162715809969e-05
1433	1433	0.0013922818841622694
1434	1434	5.142711873252195e-05
1435	1435	5.836982574931971e-05
1436	1436	0.00011166030135828542
1437	1437	0.002114698137071626
1438	1438	7.696804016045366e-05
1439	1439	4.036508253069977e-05
1440	1440	4.654899252553764e-05
1441	1441	4.83112890732675e-05
1442	1442	0.000174834552819419
1443	1443	5.716228662172652e-05
1444	1444	0.00010632227856209677
1445	1445	6.642173518316049e-05
1446	1446	7.245581295692608e-05
1447	1447	0.00048408903974192757
1448	1448	7.360484569135956e-05
1449	1449	0.00015590395942052652
1450	1450	3.8812270346541405e-05
1451	1451	0.008404764750111524
1452	1452	4.2555275957600814e-05
1453	1453	0.041712467180257846
1454	1454	4.184387067440345e-05
1455	1455	9.36327616775367e-05
1456	1456	4.115396905327091e-05
1457	1457	5.487987504067765e-05
1458	1458	0.00018353567151733216
1459	1459	3.943146139635033e-05
1460	1460	5.295462309845106e-05
1461	1461	3.9603484169476985e-05
1462	1462	4.0908243376453006e-05
1463	1463	7.298201948830164e-05
1464	1464	0.00011900827507596763
1465	1465	0.0007042394866822994
1466	1466	6.943928440627823e-05
1467	1467	0.00016487252953394107
1468	1468	3.640555110254592e-05
1469	1469	0.0003778759345081695
1470	1470	0.000893601212589238
1471	1471	0.0003053163687113024
1472	1472	6.144171070673618e-05
1473	1473	4.923899213552903e-05
1474	1474	0.0019571040442131343
1475	1475	7.629224810168656e-05
1476	1476	3.7495348749432144e-05
1477	1477	0.0001099519517173892
1478	1478	0.0001816386671797329
1479	1479	3.794284325404076e-05
1480	1480	3.577438616311747e-05
1481	1481	9.039328559274805e-05
1482	1482	0.00047299259303040184
1483	1483	0.0001308079324165998
1484	1484	5.908104789557769e-05
1485	1485	9.860277163896723e-05
1486	1486	0.00011482043501111909
1487	1487	0.00343999565138781
1488	1488	7.916517974746313e-05
1489	1489	0.0006281294416407038
1490	1490	0.00024225817755374267
1491	1491	6.694547656652397e-05
1492	1492	0.00039866621423633505
1493	1493	7.369461681798441e-05
1494	1494	0.00017885968173840137
1495	1495	7.414649957615913e-05
1496	1496	0.0001310657243420252
1497	1497	0.0007650260794584007
1498	1498	0.00030900845759025897
1499	1499	8.822055604470715e-05
1500	1500	5.704967007738228e-05
1501	1501	0.006682769470856164
1502	1502	4.200363085959895e-05
1503	1503	4.91105705308453e-05
1504	1504	0.0005172110647839167
1505	1505	0.000651757299691529
1506	1506	0.00016726389919427483
1507	1507	9.321625633733367e-05
1508	1508	4.0938811837349726e-05
1509	1509	5.872346286963535e-05
1510	1510	0.0016712539665121812
1511	1511	4.8561103095900006e-05
1512	1512	7.050160315693227e-05
1513	1513	0.00015107519553778591
1514	1514	0.0014751896629596963
1515	1515	5.2037806247655515e-05
1516	1516	0.00015879215905608332
1517	1517	0.0007991519453181834
1518	1518	0.00017266942754596046
1519	1519	0.00037080187777479336
1520	1520	3.966113115933784e-05
1521	1521	0.00018744064126589537
1522	1522	8.335551214980728e-05
1523	1523	4.954104949244037e-05
1524	1524	5.41048003463943e-05
1525	1525	0.00011772286100254641
1526	1526	5.310209475123998e-05
1527	1527	0.0021577815193158114
1528	1528	0.016194168767748582
1529	1529	4.798184751617376e-05
1530	1530	4.563664888766463e-05
1531	1531	5.932166295613444e-05
1532	1532	4.2456964353542606e-05
1533	1533	0.0009893176358027724
1534	1534	0.005768486300860147
1535	1535	9.754049022216429e-05
1536	1536	9.649900334464804e-05
1537	1537	6.984437467992367e-05
1538	1538	0.0010804451498485882
1539	1539	6.21575971874486e-05
1540	1540	0.00021968260007029344
1541	1541	0.00016448005382106812
1542	1542	7.451167808907096e-05
1543	1543	0.0011319942859040052
1544	1544	4.383764205509582e-05
1545	1545	5.1520213524095894e-05
1546	1546	5.23721725862315e-05
1547	1547	0.0007274555409790305
1548	1548	4.8352760956664435e-05
1549	1549	5.993113046637698e-05
1550	1550	0.0003525464692035426
1551	1551	8.662270503657552e-05
1552	1552	0.0002592071452720822
1553	1553	6.391196505443004e-05
1554	1554	0.00013670269984669345
1555	1555	8.324300893314214e-05
1556	1556	0.00019790163716825704
1557	1557	6.590545710980567e-05
1558	1558	4.069543046572725e-05
1559	1559	6.268791342606525e-05
1560	1560	7.324775750956515e-05
1561	1561	3.630712448729082e-05
1562	1562	5.578324128740405e-05
1563	1563	7.20225947398629e-05
1564	1564	0.00013423342943255434
1565	1565	9.844972116852067e-05
1566	1566	4.806382105367928e-05
1567	1567	4.34592130626444e-05
1568	1568	0.00018694421944004375
1569	1569	0.00018645020265214355
1570	1570	5.599977004015603e-05
1571	1571	7.033623585450376e-05
1572	1572	7.775392745462891e-05
1573	1573	0.0004757227066981271
1574	1574	0.0009113547023820878
1575	1575	7.957705119940833e-05
1576	1576	9.2122012142705e-05
1577	1577	0.0003760843467513735
1578	1578	5.773153617847465e-05
1579	1579	0.00043062551256344673
1580	1580	0.00012608084436333848
1581	1581	4.197158944056368e-05
1582	1582	4.945440140213835e-05
1583	1583	3.6184775324792884e-05
1584	1584	0.0016441893071590928
1585	1585	7.610115922028559e-05
1586	1586	5.3649323859666706e-05
1587	1587	4.877109695546035e-05
1588	1588	7.988854111217295e-05
1589	1589	0.0001006328452882579
1590	1590	5.3299898542112507e-05
1591	1591	5.3901494453083394e-05
1592	1592	8.686506275481674e-05
1593	1593	4.012790267354261e-05
1594	1594	5.033358374740407e-05
1595	1595	6.447014707594205e-05
1596	1596	0.00013954570594269756
1597	1597	6.702091517041522e-05
1598	1598	0.0001258407285099027
1599	1599	3.733971264179165e-05
1600	1600	4.2424286297962184e-05
1601	1601	0.00021320561733075808
1602	1602	6.34991123199305e-05
1603	1603	0.009604863063468952
1604	1604	0.0001544957218528484
1605	1605	5.710592745465123e-05
1606	1606	0.00012803242252894853
1607	1607	0.003658386343790497
1608	1608	0.0002826336351220338
1609	1609	0.00045719737819323374
1610	1610	5.4002971998599e-05
1611	1611	0.00022582744716593346
1612	1612	0.000321928108474176
1613	1613	3.6479692625509234e-05
1614	1614	0.0001000001007642986
1615	1615	8.484382109692637e-05
1616	1616	8.392223451380608e-05
1617	1617	5.124185147929905e-05
1618	1618	0.00022723593297160305
1619	1619	0.00017309850868183827
1620	1620	6.322658406897285e-05
1621	1621	7.947371556761909e-05
1622	1622	4.33230840033237e-05
1623	1623	0.00039086841879149643
1624	1624	8.290716369308579e-05
1625	1625	0.0003205918457265533
1626	1626	5.3549060375940235e-05
1627	1627	0.0009488702908187678
1628	1628	0.0004898178838079382
1629	1629	0.007048921371438015
1630	1630	0.000228660608245857
1631	1631	0.0001452565462242217
1632	1632	5.472323704091081e-05
1633	1633	6.150616568600283e-05
1634	1634	0.00023229492584568955
1635	1635	0.00010015760189744382
1636	1636	0.0001440190060614354
1637	1637	5.078399521563791e-05
1638	1638	0.00018449784998869831
1639	1639	7.906282201483684e-05
1640	1640	4.7535537188960874e-05
1641	1641	3.783667232524394e-05
1642	1642	0.00014100818962161214
1643	1643	0.00022652968315965992
1644	1644	4.894029411776761e-05
1645	1645	5.446398774429769e-05
1646	1646	0.00015040770605202354
1647	1647	6.27547864760543e-05
1648	1648	5.938209762263164e-05
1649	1649	5.4258204490233884e-05
1650	1650	0.0001230234351309589
1651	1651	4.3187734646741686e-05
1652	1652	0.00019465293235888017
1653	1653	3.700653279222596e-05
1654	1654	0.00016686093463026382
1655	1655	0.027855581892867
1656	1656	3.82106747501605e-05
1657	1657	0.00034785108807796906
1658	1658	3.6233624158605595e-05
1659	1659	0.000133964109755591
1660	1660	0.00011224060568793904
1661	1661	0.00022305798480098916
1662	1662	0.0001372627652951317
1663	1663	3.920421820487796e-05
1664	1664	6.968181991257994e-05
1665	1665	6.778395913870242e-05
1666	1666	0.00014219854855084544
1667	1667	0.0010562563915425616
1668	1668	6.649609480595887e-05
1669	1669	0.00010175797935549096
1670	1670	3.7443338095989357e-05
1671	1671	3.594233154708224e-05
1672	1672	4.1464955774478437e-05
1673	1673	0.00017571459194848875
1674	1674	0.00010883945596385602
1675	1675	3.799613376155421e-05
1676	1676	4.705726024504719e-05
1677	1677	0.00020766923692633373
1678	1678	0.0006421135960290916
1679	1679	0.0004047040352370052
1680	1680	0.0005813192195017863
1681	1681	0.00015697566761397464
1682	1682	6.454054854481397e-05
1683	1683	6.960080239391394e-05
1684	1684	8.53116019686361e-05
1685	1685	0.0001984527671700433
1686	1686	0.0001825826526760526
1687	1687	0.004180759475142517
1688	1688	3.8129962191657974e-05
1689	1689	6.0489541979475185e-05
1690	1690	7.228195380318506e-05
1691	1691	0.00010407879345408781
1692	1692	7.263044031724694e-05
1693	1693	5.962496908431212e-05
1694	1694	0.00014588265173135225
1695	1695	0.00014371263700038516
1696	1696	6.086714235354699e-05
1697	1697	3.7810214655979446e-05
1698	1698	0.00025389920638658065
1699	1699	4.9368030747110816e-05
1700	1700	0.00033879655426345153
1701	1701	0.0002547699664796687
1702	1702	3.60874390271499e-05
1703	1703	0.00025652800897747133
1704	1704	5.605414314674704e-05
1705	1705	6.532436679910183e-05
1706	1706	3.652927426453166e-05
1707	1707	0.000203542423883736
1708	1708	8.626148460362626e-05
1709	1709	4.3391050662427444e-05
1710	1710	0.0002471249217837643
1711	1711	6.439988626933942e-05
1712	1712	5.986966789511585e-05
1713	1713	0.0018524228092902386
1714	1714	4.44700813324223e-05
1715	1715	7.795270184201352e-05
1716	1716	0.00015380031761291727
1717	1717	8.115716447275004e-05
1718	1718	0.0002438607657025758
1719	1719	7.658053611837176e-05
1720	1720	0.00010441827298212757
1721	1721	3.8618979978067684e-05
1722	1722	4.5786420427856075e-05
1723	1723	3.909149494639423e-05
1724	1724	6.288892565492783e-05
1725	1725	4.295272998471459e-05
1726	1726	0.0012498282731617035
1727	1727	4.928193623714886e-05
1728	1728	4.315401837534003e-05
1729	1729	6.597876005358352e-05
1730	1730	0.00011667098352876114
1731	1731	6.22894033512475e-05
1732	1732	5.3200828107449196e-05
1733	1733	4.275315623310739e-05
1734	1734	3.759976835868318e-05
1735	1735	3.708293555853179e-05
1736	1736	9.591297756054235e-05
1737	1737	6.262117090637856e-05
1738	1738	9.799317240943316e-05
1739	1739	3.7731044785945225e-05
1740	1740	0.0002094851412346197
1741	1741	4.616481994129296e-05
1742	1742	0.00010192059697074233
1743	1743	5.251668073738509e-05
1744	1744	0.00013004010567220625
1745	1745	4.042477946974484e-05
1746	1746	4.8022802218465344e-05
1747	1747	7.236878766180788e-05
1748	1748	0.00039279150946042434
1749	1749	4.0514628940514326e-05
1750	1750	5.761685676042031e-05
1751	1751	3.765217830153342e-05
1752	1752	0.0001331620635995518
1753	1753	6.856308249972315e-05
1754	1754	4.8813295610901536e-05
1755	1755	4.7017801988263845e-05
1756	1756	0.0002513193736803382
1757	1757	0.0004375866334110799
1758	1758	7.469550621379608e-05
1759	1759	6.817148026049696e-05
1760	1760	6.482356926622621e-05
1761	1761	8.105003809166576e-05
1762	1762	4.958447798117453e-05
1763	1763	4.0216545019799754e-05
1764	1764	4.597490646851878e-05
1765	1765	0.00016766865146114728
1766	1766	0.00013839560596810437
1767	1767	4.112310550589486e-05
1768	1768	3.974789062630958e-05
1769	1769	0.0001904706451034351
1770	1770	4.7818667127811823e-05
1771	1771	0.0002924451143452297
1772	1772	4.5229372477561364e-05
1773	1773	8.554726933166022e-05
1774	1774	0.0005658520284014426
1775	1775	0.023731320177586772
1776	1776	0.00013289666838257568
1777	1777	4.0010268686353255e-05
1778	1778	0.0007851727208794785
1779	1779	0.00027241830765055804
1780	1780	7.687082760973424e-05
1781	1781	4.063499919012419e-05
1782	1782	3.9232492176404504e-05
1783	1783	0.00012560144969466476
1784	1784	5.2276238222425976e-05
1785	1785	5.4309516527357566e-05
1786	1786	0.00022102144654831204
1787	1787	0.00016566265301643933
1788	1788	5.3749932052934544e-05
1789	1789	0.00021257715581243555
1790	1790	0.005060020608949557
1791	1791	8.415090540936436e-05
1792	1792	5.9503306177819984e-05
1793	1793	0.0007521143413435253
1794	1794	3.9317538816347676e-05
1795	1795	6.619956833523003e-05
1796	1796	3.903535589484985e-05
1797	1797	0.00021704905212230655
1798	1798	0.00010847319878653269
1799	1799	0.00014714981674916224
