0	0	1.1808915456964229
1	1	1.6039439363169223
2	2	1.5188096598968117
3	3	0.8286207068976974
4	4	2.1325671581912493
5	5	5.742612989832009
6	6	4.955994694623605
7	7	0.9706240672370497
8	8	0.6279602919686216
9	9	1.1158098788069537
10	10	0.7950602790477224
11	11	5.28217660689286
12	12	0.7932428367993244
13	13	0.03761469691263127
14	14	5.498643407390974
15	15	0.0729886730972173
16	16	0.41955915201850036
17	17	2.4888152968916164
18	18	1.4055289669514346
19	19	0.6475825564598302
20	20	1.416225383157641
21	21	0.7540908205673519
22	22	3.380837908827561
23	23	0.6406682052330694
24	24	0.9787384431718009
25	25	0.932409093895064
26	26	1.4809580382804028
27	27	0.8859579247736408
28	28	0.9686636869140511
29	29	3.477195006342514
30	30	0.5488866824922204
31	31	1.0316864593737358
32	32	0.3892314621779194
33	33	6.824435586689371
34	34	0.5259633523776658
35	35	1.154398166920432
36	36	2.838550184811763
37	37	1.480675880497627
38	38	5.553478581983872
39	39	1.2606101252199253
40	40	2.906488004341951
41	41	0.7534339478225245
42	42	2.5254342485425894
43	43	0.34796647802409025
44	44	0.8930639103488539
45	45	0.35913856568184205
46	46	0.13904491811002065
47	47	4.399424641936751
48	48	1.6853734575818349
49	49	2.794885993772744
50	50	1.3853465947763262
51	51	0.21787549011499943
52	52	1.7638621618589165
53	53	1.5076417147518517
54	54	0.46866049732038806
55	55	0.17712453491364558
56	56	1.7151936345759715
57	57	0.167693597167744
58	58	4.295398842790049
59	59	1.6209577922728675
60	60	4.445736725987958
61	61	0.17144148584771313
62	62	0.8821130984455167
63	63	0.6626921559425972
64	64	1.3889330950000012
65	65	3.440399142660319
66	66	3.196822869846271
67	67	0.7850959880579288
68	68	1.680339665401375
69	69	3.6101175486624317
70	70	0.5367922208425983
71	71	1.6509580800059784
72	72	0.7482138019475466
73	73	0.014234158579590456
74	74	1.9099911160781147
75	75	8.034806668833095
76	76	3.4769416702753855
77	77	0.783069820180255
78	78	1.6188328478219396
79	79	0.020666486496325104
80	80	2.7820982921705606
81	81	1.2084846755185839
82	82	0.7476875316971701
83	83	5.085151412576589
84	84	2.0998796983535466
85	85	1.6588997517443198
86	86	5.097416557982024
87	87	0.24677645867943807
88	88	0.16124275303461938
89	89	0.6384208818901742
90	90	0.6456430407008582
91	91	1.605169927848777
92	92	0.3687749787109343
93	93	5.167097779471818
94	94	0.7091236194274582
95	95	1.5485217165027167
96	96	1.6969448118642927
97	97	0.6774198188721186
98	98	2.247133150837149
99	99	0.6358050014942035
100	100	6.378908703309782
101	101	0.8552001416095619
102	102	1.5754302582945385
103	103	0.6911327275370402
104	104	3.4688866713497792
105	105	0.8418251828908778
106	106	3.438601546659729
107	107	2.37610591115928
108	108	0.21597507945451816
109	109	1.5007869038544241
110	110	1.3711360668904995
111	111	1.5829994545179134
112	112	0.9274143844016334
113	113	0.23208562349080825
114	114	1.0446917018668158
115	115	0.7178018382604967
116	116	2.834723805972621
117	117	5.080034559179774
118	118	2.3137980553440323
119	119	1.8861677932932375
120	120	0.04078054314262536
121	121	0.5486789781467553
122	122	6.689546344013912
123	123	3.914372389081376
124	124	1.2422559118729404
125	125	0.5925100374952743
126	126	0.7925967199015437
127	127	1.329370777679464
128	128	6.176905129227815
129	129	0.5022823612358085
130	130	2.1277995914243184
131	131	0.8334314422645162
132	132	6.05836574459123
133	133	0.12967577359818724
134	134	2.3591805368839256
135	135	0.384843686975525
136	136	0.6597336008766144
137	137	0.28693222157283205
138	138	1.3234315291602274
139	139	1.087957196929068
140	140	0.8048548349271231
141	141	0.6639326030704934
142	142	2.8956840640577037
143	143	0.0911318864640573
144	144	3.040629122920133
145	145	3.716236990914272
146	146	0.7335436813049432
147	147	0.25263490878159256
148	148	9.445889109376308
149	149	0.22605048026487834
150	150	2.3069514920505356
151	151	0.04828794513561067
152	152	2.291741751663594
153	153	0.8628527496739677
154	154	1.9327174647735927
155	155	0.4157607550871867
156	156	0.4761732601760471
157	157	0.6736662481617728
158	158	5.769068530118849
159	159	1.0024571845467543
160	160	1.2319462189962915
161	161	5.981987502264073
162	162	0.2021151846024245
163	163	1.8120696344753202
164	164	2.391023501452151
165	165	1.2867172907403612
166	166	1.6933432169196638
167	167	1.7843136231769088
168	168	5.730725203519179
169	169	2.106240168218089
170	170	0.8840059787565235
171	171	1.4549398341784088
172	172	0.3888044937882488
173	173	2.6663594953860144
174	174	0.7804602839602169
175	175	8.576245129284237
176	176	1.0913740123278988
177	177	0.5996925135845541
178	178	6.236754728880799
179	179	6.8630184470637
180	180	0.8867524889914559
181	181	1.5685610992711931
182	182	1.6554749717571302
183	183	0.7052231473476263
184	184	1.7571908933863334
185	185	0.031064480256725258
186	186	5.343892000994046
187	187	0.13499270565077845
188	188	3.3765727635684346
189	189	0.9342912091564162
190	190	0.40394945685702244
191	191	0.42405366613481066
192	192	0.9591722685396513
193	193	1.2376033041187557
194	194	1.9653507703656694
195	195	0.18847048126893837
196	196	0.02202567081460639
197	197	1.5866804058758692
198	198	1.1231649420708048
199	199	1.188099449233103
200	200	3.8319917770870977
201	201	0.4503618068438301
202	202	2.1377308270512656
203	203	0.40507710921790724
204	204	1.786276257362002
205	205	0.5358709742467059
206	206	1.6715420041121842
207	207	0.4502793380440954
208	208	2.0110678122653325
209	209	3.8480094678339083
210	210	0.10445102077222261
211	211	3.6303453481586514
212	212	2.8361314963148074
213	213	2.620034909641361
214	214	0.16679172698538156
215	215	1.1864313775028148
216	216	1.4670213141576673
217	217	0.30822742616077575
218	218	2.208787472081106
219	219	4.416921357416145
220	220	1.308634415448473
221	221	0.8774530640049525
222	222	3.33477149321677
223	223	0.6864761700412347
224	224	1.036161911518661
225	225	3.1426538479247936
226	226	1.1145633773986658
227	227	1.3448680215582058
228	228	0.006404561108606149
229	229	1.8791918447675244
