0	0	1.5769833864547282
1	1	0.37715894964098645
2	2	3.8337178374211707
3	3	0.39744685606572444
4	4	1.7768650512245439
5	5	0.25742865683632044
6	6	1.61800852119354
7	7	0.17117281029937845
8	8	9.841180103336848
9	9	0.5826286860799151
10	10	1.522680801539321
11	11	4.453825643368371
12	12	0.5543908354257039
13	13	1.0812667848059168
14	14	4.049080880865245
15	15	0.6746698923410875
16	16	0.29630330202441824
17	17	0.10425802876423361
18	18	5.270274451741976
19	19	3.0278022642696856
20	20	2.3714441263993526
21	21	6.1339697093990875
22	22	5.3747981972228605
23	23	0.46487202876943134
24	24	0.5055489420833646
25	25	11.99767527654284
26	26	1.3547969097835106
27	27	0.511785175903819
28	28	8.798941763556003
29	29	2.8260221197769506
30	30	1.7473390701075706
31	31	1.6695466155774366
32	32	0.9299314772775068
33	33	1.2064797316172986
34	34	3.3994727094784056
35	35	0.2151849557993668
36	36	4.981603141121483
37	37	0.08972526754708662
38	38	1.7092091072257583
39	39	0.3981192887690901
40	40	2.0195642876269697
41	41	4.49134074071416
42	42	2.131670394355764
43	43	0.5866623180511917
44	44	1.8155492906261324
45	45	5.048389027992753
46	46	2.979234578763854
47	47	0.687784117059209
48	48	2.322016775238978
49	49	1.1359259322183606
50	50	0.7179218896404337
51	51	0.8815798587367034
52	52	0.5863796214799865
53	53	0.03648520843784585
54	54	7.1216611259192755
55	55	1.7527657651370723
56	56	0.12851424343101567
57	57	1.9666226594850293
58	58	1.862436436881174
59	59	0.648402936472328
60	60	1.1827484634876775
61	61	1.0438060783415524
62	62	5.517115208349285
63	63	1.0977779297007835
64	64	11.355648789954373
65	65	2.1113057788823286
66	66	1.3558715902866232
67	67	3.5948801284031457
68	68	2.7340963677648586
69	69	0.47264268291075917
70	70	2.439775373032233
71	71	0.634221510196817
72	72	2.506551150913584
73	73	1.5583033689374075
74	74	3.292727397027396
75	75	3.481456828263596
76	76	1.4693196735268357
77	77	0.16773621655239457
78	78	0.14495895810288909
79	79	1.1839566912157478
80	80	3.40714555010637
81	81	0.3385710948333677
82	82	0.4285568863432992
83	83	1.9966583295956992
84	84	0.3155020687526407
85	85	0.8867861346691196
86	86	1.5459924994206775
87	87	1.0852620017280272
88	88	2.2892872764525984
89	89	2.2467005955706987
90	90	3.9785088707666802
91	91	2.6832926793353806
92	92	0.07647898448117547
93	93	0.32165881557344317
94	94	4.533850453929055
95	95	1.4624469143242087
96	96	1.4631012610194631
97	97	0.02208308871811408
98	98	0.5541700184021345
99	99	2.693733175174999
100	100	2.212030272270359
101	101	0.4280302278024598
102	102	0.5172082789354762
103	103	0.038468421558451406
104	104	0.9984102405648393
105	105	3.783176653626667
106	106	3.731872083744031
107	107	0.43602628542907196
108	108	0.3249098554322021
109	109	4.3634021758344455
110	110	1.5686612734766758
111	111	0.7196915000115601
112	112	1.4718760899001728
113	113	1.3172974168766856
114	114	2.476085699731224
115	115	2.7289793145416783
116	116	2.171982301049009
117	117	2.152981685849579
118	118	3.2907039638954347
119	119	0.021714393000324093
120	120	1.7356952882046994
121	121	0.7115583025603681
122	122	1.0656382661574888
123	123	1.4636979579137337
124	124	0.468008957571106
125	125	3.033721622154959
126	126	0.2709901751496458
127	127	0.13112959890737072
128	128	0.021049961661636245
129	129	0.2281852671072616
130	130	0.1288428647282723
131	131	0.07238625492356159
132	132	1.5494662048114285
133	133	2.994163318716377
134	134	6.697352092254615
135	135	1.6639555512807835
136	136	5.408384407336721
137	137	2.8523716307070717
138	138	0.35217030099756524
139	139	0.6535288092994253
140	140	0.936993562908361
141	141	2.67318278270405
142	142	5.235174191016975
143	143	1.106204400286226
144	144	0.762198414788322
145	145	0.11792443819700028
146	146	1.5100180711622895
147	147	1.8365110355024625
148	148	4.080083389762529
149	149	1.625725501207675
150	150	0.757595708323134
151	151	0.7155878676866407
152	152	0.5020675082867786
153	153	4.646759001355636
154	154	0.262939466321195
155	155	0.19692501180874322
156	156	4.0042918965169285
157	157	0.641268056048924
158	158	4.542449642071565
159	159	0.5308167220999734
160	160	0.133100885182829
161	161	0.5734937139683525
162	162	3.5859688118489106
163	163	0.5483506275453228
164	164	0.7906323192950614
165	165	0.916103318798655
166	166	0.807993633007332
167	167	1.2789744463466515
168	168	4.703182323525811
169	169	4.059802286038249
170	170	1.3627991403597892
171	171	1.0247563537416728
172	172	3.417487542676707
173	173	5.854407223951833
174	174	0.17495045814108662
175	175	1.5620030005682524
176	176	3.1068085791159037
177	177	0.925594130664505
178	178	1.9094653499860177
179	179	0.07683423787934562
180	180	1.2231255217723476
181	181	1.9054569408269002
182	182	0.8981111307271463
183	183	1.449151923332927
184	184	0.06056579090750958
185	185	0.1536817317900558
186	186	0.7032031239440906
187	187	2.9740689321534415
188	188	0.25665538191114884
189	189	0.11551661975693804
190	190	3.658157125051985
191	191	0.27185289210309804
192	192	3.338754388280219
193	193	0.1219327502798672
194	194	2.3834509964263524
195	195	1.1564220429229342
196	196	11.403420561649316
197	197	0.21644039899846293
198	198	2.792803708280687
199	199	1.0081846094073175
200	200	2.589073869991322
201	201	0.2453375588102124
202	202	5.530526902754669
203	203	3.0875960751735496
204	204	8.090923021390156
205	205	3.8859181137319205
206	206	6.725525958375238
207	207	2.3221765284773523
208	208	0.02774715462444652
209	209	1.3258867594596648
210	210	2.073285571691351
211	211	0.3770407642752338
212	212	6.7142282116919985
213	213	2.7083205490410402
214	214	0.9942795542312817
215	215	1.191934512845191
216	216	1.752036240100637
217	217	4.155293945611286
218	218	0.7524015231679715
219	219	0.2899709172765096
220	220	1.4142811229895236
221	221	1.4792658012145823
222	222	0.7933709726229866
223	223	0.5668308789726063
224	224	3.5827734981218238
225	225	1.6698397118273247
226	226	0.2056928912163938
227	227	2.663438904670658
228	228	7.122802252540129
229	229	2.7845843123301774
230	230	1.7728349240996217
231	231	0.19821139778941052
232	232	0.36324621091827397
233	233	0.3011592972877526
234	234	4.890625756601627
235	235	0.13710810191506778
236	236	3.0704497770653894
237	237	2.710596301506632
238	238	0.5645426422311521
239	239	2.603478835692731
240	240	0.08446520162470812
241	241	1.8552425581633087
242	242	0.8813881695903082
243	243	0.6374985358818822
244	244	0.2721605540410102
245	245	1.0330144745811949
246	246	0.30184730361130757
247	247	1.7222233710599342
248	248	0.48881958830160077
249	249	17.46608188107986
250	250	1.177406474447111
251	251	0.35708422015779173
252	252	0.8209293988314518
253	253	0.25548501125799256
254	254	1.6546626922322287
255	255	0.7135811655567074
256	256	0.9201313102497084
257	257	1.2758820692650759
258	258	1.804160652678096
259	259	0.002721686638499511
260	260	0.3178870348703324
261	261	1.2876823511691669
262	262	1.6905729979078372
263	263	1.4614327004066774
264	264	4.07352490877622
265	265	0.6388349715513537
266	266	2.7642902476424043
267	267	5.552457431395828
268	268	9.608624029980572
269	269	1.8093522579886248
270	270	1.983161506637377
271	271	2.689304696972973
272	272	0.16899085994678506
273	273	1.1007232188683218
274	274	3.3638374408258964
275	275	2.1747702662452224
276	276	1.0633185992872756
277	277	0.3480705388939855
278	278	4.606739185643721
279	279	2.6294658724588675
280	280	3.6669622061896914
281	281	0.7053449711007058
282	282	1.4590641942429825
283	283	0.42526978759912715
284	284	0.92681932420317
285	285	0.03044558102924061
286	286	0.25708054719186546
287	287	3.2971960679345145
288	288	3.472871776485378
289	289	1.7872696934442986
290	290	2.292304694959855
291	291	0.013104923885100808
292	292	1.2317509321198492
293	293	2.763785540765456
294	294	6.494626324606172
295	295	9.137589284921418
296	296	1.1056757706259661
297	297	1.4404978739960537
298	298	0.9444478554645879
299	299	1.7836599280239525
300	300	3.699747261223915
301	301	0.8787545607925875
302	302	0.2395634699287656
303	303	0.35878554303788845
304	304	2.3428138296659182
305	305	3.110621238857294
306	306	0.9603095995207297
307	307	1.4539434977013914
308	308	0.6382274899501623
309	309	2.0469869422736626
310	310	1.890419769830271
311	311	2.4492502828468226
312	312	2.9263711778721753
313	313	2.595692408438885
314	314	1.7467026919518565
315	315	0.327183750018396
316	316	1.9496141973591476
317	317	1.0201152783435827
318	318	1.0551678576751142
319	319	4.566565284395325
320	320	3.7251847792867108
321	321	3.0332643815207545
322	322	0.9448001209414497
323	323	2.3936205346691306
324	324	2.7986042260449726
325	325	0.7415036742973943
326	326	0.051771141331029634
327	327	5.893842288466161
328	328	0.5209530635821595
329	329	0.1828342533303013
330	330	1.2628709933969489
331	331	0.1017737484816883
332	332	0.8633864640564911
333	333	2.589197609504289
334	334	4.0354647192373845
335	335	1.9638073713155992
336	336	7.215191254349547
337	337	0.6583354029535134
338	338	1.4769970911591024
339	339	0.15740199916508824
340	340	0.7096582433638329
341	341	0.961043761274986
342	342	1.2605558393280207
343	343	2.0523390225497935
344	344	6.081113007595206
345	345	5.436739402513256
346	346	0.8798479225510765
347	347	0.044045653568001435
348	348	0.10898001984487149
349	349	1.2269164249391398
350	350	4.362612937316735
351	351	0.1931429729258934
352	352	0.03777048073280239
353	353	0.4092137862284677
354	354	1.8252382335865658
355	355	3.5936751833572003
356	356	1.4521432172742956
357	357	0.534694744746083
358	358	0.10908744637013075
359	359	0.6050070993363925
360	360	1.1898914540682137
361	361	1.4473484641440588
362	362	0.5315696628092088
363	363	6.700068880473666
364	364	5.851346564096824
365	365	0.43845399935792656
366	366	3.2309261183943603
367	367	3.7564014321197203
368	368	1.295313757655325
369	369	0.10504747688180721
370	370	0.4156098306504068
371	371	1.578917862667361
372	372	0.24846839194385661
373	373	4.398436932637335
374	374	1.4616195061271955
375	375	1.8139532732242214
376	376	0.18740642265927457
377	377	0.9397711938262044
378	378	1.6074279321622162
379	379	0.7993227595843972
380	380	0.9626647941800424
381	381	1.677889042874535
382	382	7.830440733226398
383	383	0.07841093334948285
384	384	0.6919235769071207
385	385	0.38304985887119714
386	386	2.8521150181061476
387	387	0.08183804300878911
388	388	1.4267145047391048
389	389	2.0803908362616776
390	390	0.7686003622306631
391	391	0.32299689979526036
392	392	0.9817199516264392
393	393	3.0898254260161235
394	394	1.9917571353407733
395	395	1.2924380247398493
396	396	3.9971577368794917
397	397	0.2766589377538818
398	398	0.4331953396357615
399	399	2.2778118673346683
400	400	0.5203357303770435
401	401	2.2477324169116066
402	402	1.2065757905630161
403	403	0.3821761761912768
404	404	3.195395039925989
405	405	0.1636008889850136
406	406	1.4277361228687577
407	407	1.7121330759011237
408	408	0.10078084193255456
409	409	0.5203676870971717
410	410	1.5741851060271725
411	411	1.1362720851499328
412	412	0.18007529949080475
413	413	4.564595869876943
414	414	6.2050263831145465
415	415	0.8376100368594195
416	416	0.4312573853822959
417	417	1.3406115613767289
418	418	1.0457451264025466
419	419	0.6987702673209765
420	420	8.820639415557755
421	421	0.7203106333351736
422	422	0.23595127951691067
423	423	2.1258388289805814
424	424	0.052597253903137346
425	425	3.4313369210915354
426	426	0.8034615598381616
427	427	1.3278200938195035
428	428	1.8701430286812915
429	429	0.5922416117567072
430	430	1.8556715680275084
431	431	2.6834095400803717
432	432	2.652005178821266
433	433	0.9348450087736708
434	434	1.1283244523097105
435	435	4.222508451354979
436	436	4.412345800484558
437	437	4.943310135432055
438	438	2.286423643976897
439	439	0.051589264222086255
440	440	1.8398125009372919
441	441	0.9240582453186799
442	442	0.44217252360811515
443	443	0.42237337957115934
444	444	1.1985632544726545
445	445	2.299184043977869
446	446	3.2175565028316293
447	447	0.0093015296332746
448	448	3.848244896613376
449	449	11.21250146276685
450	450	1.169253460171932
451	451	9.182673080079548
452	452	0.16903415213327283
453	453	0.9912526066981964
454	454	5.557273120175761
455	455	3.0916333177181885
456	456	5.561799395996347
457	457	1.8052848488690136
458	458	0.35231016045446817
459	459	3.2788357649658377
460	460	1.7223455023445644
461	461	4.210110540507601
462	462	1.9323219858023908
463	463	3.8075464639398784
464	464	0.748112664181369
465	465	0.5535383762326577
466	466	1.6580424352426748
467	467	1.9044980732066232
468	468	1.3711217981321755
469	469	1.642901360768933
470	470	0.11584575510875612
471	471	0.5777177751528815
472	472	0.21732919821315252
473	473	1.0623120738568839
474	474	0.09514301162323746
475	475	0.43132087095257293
476	476	0.7987370749547851
477	477	7.022871261747941
478	478	2.977085409422064
479	479	0.0989463208205465
480	480	1.6899868145153925
481	481	0.08320097548087028
482	482	4.635495785036893
483	483	0.21037912551601423
484	484	0.04614125095371046
485	485	4.174913276353612
486	486	0.21731164329290623
487	487	2.060755987319426
488	488	1.792811121747806
489	489	2.9202643621854287
490	490	0.733852266402675
491	491	1.5388891303825158
492	492	0.09162555969333411
493	493	0.43101885911834426
494	494	0.636674480509944
495	495	1.275610368686609
496	496	1.5478323809432089
497	497	3.3666303053789965
498	498	1.773294340870831
499	499	2.3815579619912306
500	500	0.21790997745378454
501	501	5.967352508439532
502	502	1.2691169420891526
503	503	1.6900967804571754
504	504	2.5005830339335136
505	505	0.7540522158108034
506	506	0.3680511638992311
507	507	0.08195371335143836
508	508	0.021951047367262663
509	509	0.7259619091437007
510	510	1.1835444052991682
511	511	3.592015607693021
512	512	0.053270078932299736
513	513	0.7106773894239686
514	514	3.482669834098225
515	515	0.2012573325159742
516	516	3.2505394791378532
517	517	0.02125357744506149
518	518	1.1814863949961876
519	519	0.8733715293034231
520	520	1.6400619967564432
521	521	3.3275064620375954
522	522	0.23259520066999123
523	523	0.7867364420175699
524	524	2.4098379663235
525	525	1.0707665059476683
526	526	2.1457202358391783
527	527	0.22172489091711337
528	528	1.9850104966797266
529	529	0.44054477461389474
530	530	1.041738412197132
531	531	0.5284568987007645
532	532	4.821707079146577
533	533	0.3326037857444046
534	534	0.2901856526637543
535	535	1.8867408666394188
536	536	1.3639493403211733
537	537	0.18542084439406076
538	538	2.0521446596411828
539	539	6.080740897011416
540	540	2.139214260957724
541	541	1.4642204250571882
542	542	0.5066386149357807
543	543	3.431814315208778
544	544	4.83483015746797
545	545	4.215754250339581
546	546	0.3223928529543187
547	547	0.7754407187079808
548	548	2.849040043026185
549	549	0.3841505789659111
550	550	0.4254927192166217
551	551	4.269018112560092
552	552	0.9543640040531587
553	553	5.488172397198072
554	554	4.075931884368727
555	555	4.249391784011047
556	556	1.2987896128864982
557	557	2.4837730822293547
558	558	1.3846177728949296
559	559	0.5556041830850419
560	560	2.177941134516665
561	561	1.470859491599064
562	562	1.004370116899183
563	563	2.2937085432827864
564	564	5.113498144021797
565	565	2.377250059340466
566	566	4.064440158819015
567	567	0.9081332526085368
568	568	0.5627302375074162
569	569	1.0103052610871899
570	570	2.3312045025735126
571	571	0.5389506072048789
572	572	3.956312253241616
573	573	2.548717033543191
574	574	0.4417821688185437
575	575	0.41710442972740575
576	576	2.3083459574156318
577	577	4.742477487797669
578	578	0.9338638572479117
579	579	2.6165585090438137
580	580	0.1226940765029428
581	581	4.417636324938006
582	582	0.898025855148055
583	583	11.702201902949254
584	584	4.122782010280642
585	585	0.3928835014609213
586	586	1.4641719799783839
587	587	0.1568349831533949
588	588	0.05655658894926918
589	589	0.341838833035762
590	590	0.7064635854177361
591	591	1.0777296372888747
592	592	4.520464851212287
593	593	1.9944260300909087
594	594	0.7157017733053487
595	595	0.2529897371137514
596	596	6.350674509686901
597	597	0.8831909840685642
598	598	0.2792301990883653
599	599	1.0537251772410896
600	600	5.6225653848544646
601	601	0.1215446440479937
602	602	0.5170193950315362
603	603	0.24092891693602672
604	604	0.05870488657539245
605	605	2.5676323130928442
606	606	3.5540168574902573
607	607	1.2269019031699127
608	608	0.19478177092306728
609	609	0.29973461917590305
610	610	0.45436461235734416
611	611	4.314676575387134
612	612	0.34839439939115685
613	613	0.11120810589958709
614	614	3.817298488222333
615	615	4.5832103938832445
616	616	1.9438174425821102
617	617	0.17150259494623213
618	618	0.9732378131591672
619	619	1.242237591346568
620	620	1.6746929506558583
621	621	0.009432259003282914
622	622	1.7655876088955258
623	623	0.951827711027499
624	624	0.22146785803003888
625	625	1.4635059292892623
626	626	5.908043631885239
627	627	2.148120296133512
628	628	2.01060751718823
629	629	5.499399050173865
630	630	0.9205170446036653
631	631	0.14424133079616094
632	632	0.12431954217603079
633	633	1.9922194709337622
634	634	1.778828969647713
635	635	6.561081037825528
636	636	1.3624466002454663
637	637	0.9575127432719316
638	638	4.231675134392708
639	639	2.2872217762915734
640	640	2.394157498493481
641	641	3.2738699803185596
642	642	1.863102076875075
643	643	1.0446065966329066
644	644	3.0236654021442266
645	645	4.244649912690626
646	646	0.2328354146267235
647	647	0.9699732200205093
648	648	0.7539489821873667
649	649	1.8860728260079274
650	650	2.5179447201308327
651	651	0.15906940410643347
652	652	0.003796323143914875
653	653	1.7002176733184604
654	654	2.044563491305243
655	655	1.3689276176984908
656	656	0.1586433528019403
657	657	0.22669247649987934
658	658	1.0550839805424503
659	659	0.6161431396016547
660	660	0.06407043112600436
661	661	0.15585429132197529
662	662	0.09228032339701614
663	663	0.6839812053632398
664	664	0.45307486812783376
665	665	0.2104891522286275
666	666	2.8699683642688734
667	667	0.3332846542093567
668	668	1.8339272351467808
669	669	2.6288904992211504
670	670	0.13797501138104765
671	671	2.22123389246738
672	672	1.0329855318347871
673	673	0.49310190824509725
674	674	2.8346710845048073
675	675	0.4793830384436157
676	676	2.0816091318021237
677	677	0.4616286748386868
678	678	0.4772257197364136
679	679	1.7159976522706542
680	680	0.6742449939408995
681	681	0.025137038741338488
682	682	0.8821264150478171
683	683	2.1150489765055642
684	684	3.6250336469763167
685	685	0.812270780065926
686	686	1.2238387073371029
687	687	0.15187837758316128
688	688	5.990948347915943
689	689	4.87794798011816
690	690	1.6720923749728323
691	691	0.19413401295579638
692	692	3.234789494173634
693	693	0.5818272366180326
694	694	6.962388996781068
695	695	3.107202892970517
696	696	0.7452895203580504
697	697	2.329299048001741
698	698	1.1147635268536298
699	699	0.19474123306780664
700	700	0.9705024962649801
701	701	1.0050215818428905
702	702	1.096544910771859
703	703	3.2701946825015704
704	704	2.934681337179573
705	705	1.0866657641152835
706	706	1.208757072262536
707	707	0.09951884086116941
708	708	0.8761518560333184
709	709	0.15775174831597683
710	710	0.3980971415950588
711	711	1.4625764583758538
712	712	2.659478471620951
713	713	0.23138180253611745
714	714	4.397270490643178
715	715	0.5596388740220044
716	716	1.1730055759173532
717	717	5.46166441328699
718	718	0.5877997209635452
719	719	0.6859209835275843
720	720	11.055444391066347
721	721	0.13711408778634657
722	722	1.506495596462813
723	723	5.068630476900644
724	724	4.883555399485784
725	725	2.7541209798112543
726	726	6.753598966750066
727	727	0.4642456708465998
728	728	0.07314487040018239
729	729	0.3026205558263357
730	730	1.5197272173046785
731	731	1.433454278805237
732	732	1.605304691242392
733	733	0.5818482589879826
734	734	2.9425542087332164
735	735	1.6111891174800905
736	736	2.0476837499591176
737	737	0.4892241104064959
738	738	2.8196484219753737
739	739	0.705216269201402
740	740	1.9557503735831627
741	741	3.350336113229396
742	742	1.2674435566077225
743	743	0.03648118101255591
744	744	1.3293778819073339
745	745	4.050164683239037
746	746	0.0108225850046893
747	747	1.3815303579276552
748	748	0.8955601597603612
749	749	0.0730961862630757
750	750	0.726689970598627
751	751	3.2149156312862677
752	752	0.6651415621096717
753	753	3.8150063803363152
754	754	3.9854467422372846
755	755	6.692927974972894
756	756	0.3847497955952839
757	757	0.792299805929155
758	758	3.0473530955598664
759	759	0.7927243775885304
760	760	0.9061898978121391
761	761	1.6764239669654672
762	762	2.23634485054316
763	763	0.17755313502366776
764	764	1.2642674358213615
765	765	0.33200739068676866
766	766	3.7987060612419037
767	767	0.1372655771344106
768	768	2.0013302599566964
769	769	2.8642479553884024
770	770	0.7572222797361428
771	771	2.2804189561494983
772	772	0.14817994752636673
773	773	2.0061889132657758
774	774	2.887075171945415
775	775	2.1239493655597266
776	776	10.484900040029084
777	777	0.2644059960090227
778	778	0.6797076027091866
779	779	3.7694322733417076
780	780	2.3920448884732046
781	781	1.4285094099072546
782	782	0.15703553798003222
783	783	0.06226734650574365
784	784	0.4394083955574736
785	785	1.8089160273809592
786	786	0.0859985946530328
787	787	0.29414679008176964
788	788	5.542283621113951
789	789	5.751283464999464
790	790	0.9025964135698122
791	791	4.012772421576256
792	792	1.4081088166433298
793	793	1.1691185920424754
794	794	4.07914838490749
795	795	0.27710569932045126
796	796	1.1462896098472994
797	797	10.000220368551188
798	798	2.097405880097007
799	799	0.708085582801202
800	800	1.1571088281759008
801	801	1.984130064686123
802	802	1.4570703921701829
803	803	3.073689697226697
804	804	7.820634233822243
805	805	4.887067553299652
806	806	4.494766315759468
807	807	0.8781193481762569
808	808	6.128504635624884
809	809	2.2101846974440185
810	810	0.2286773037506422
811	811	0.7440345919801348
812	812	0.6530738025490848
813	813	2.4833329366866197
814	814	1.3231848839396116
815	815	0.5417840469647213
816	816	0.012955978017024633
817	817	1.879143298614625
818	818	3.402224139349772
819	819	0.2189845236490264
820	820	11.080896299521553
821	821	1.2747490803665742
822	822	0.4103319444461421
823	823	0.8195932372359507
824	824	0.2711953468114066
825	825	0.2906641532824393
826	826	1.5911654518553133
827	827	0.5532101323803507
828	828	5.715744909670471
829	829	0.5434959910073365
830	830	4.988440355678142
831	831	2.992870488228179
832	832	0.047372909545556674
833	833	1.8898691878303677
834	834	2.2563977328018163
835	835	2.0135784881469134
836	836	2.0406862321250667
837	837	3.582971870099391
838	838	2.943456068116705
839	839	1.8042239538877016
840	840	0.34439971708394707
841	841	0.30619296221843906
842	842	1.4954546115082166
843	843	1.767759997201339
844	844	4.313574879135164
845	845	0.10891309235986894
846	846	0.6083960089778758
847	847	4.790753370334839
848	848	0.739943796959741
849	849	2.6642067706711385
850	850	0.13144271492304674
851	851	0.8670862272143044
852	852	4.7011789969008975
853	853	0.027785093556415594
854	854	1.6794440236154031
855	855	1.0024080572898897
856	856	3.6816740797507395
857	857	1.4849602417759256
858	858	1.2211027195281672
859	859	4.678956598235266
860	860	1.613158924840389
861	861	0.3050067672463167
862	862	0.6457904115747841
863	863	0.6056080735942984
864	864	0.49823197363355326
865	865	1.322344668831102
866	866	2.6969614066616363
867	867	1.8067344408907058
868	868	0.06388029133635394
869	869	0.41025549485893126
870	870	2.0431997645427633
871	871	4.691089279282946
872	872	1.4044296558580545
873	873	1.3718892508537683
874	874	3.7908064952075637
875	875	1.7011374301766748
876	876	3.1136090365898688
877	877	1.8943613669230723
878	878	1.2767516228296012
879	879	2.104042778935823
880	880	0.3295254404109964
881	881	1.9855001510783397
882	882	0.47607269916337785
883	883	1.0419977283853752
884	884	0.7267042801019388
885	885	1.1776909897902175
886	886	4.0736046850943515
887	887	8.01797536480954
888	888	5.284785874872235
889	889	1.2379168971772965
890	890	0.2196146239177907
891	891	0.7849537941551011
892	892	2.614566233413265
893	893	0.26404139366030854
894	894	0.5561321489595036
895	895	1.2063999885252585
896	896	0.8049965589293223
897	897	0.5987918061622078
898	898	5.929020854433108
899	899	2.1801126434301428
900	900	0.1939656062122904
901	901	3.741160772392384
902	902	1.4273413538358148
903	903	5.343622717374086
904	904	0.28974665453424764
905	905	1.122007476241857
906	906	0.4838676735546294
907	907	1.7373847017904127
908	908	0.18046498842760955
909	909	1.0774927774981018
910	910	0.28799693705929913
911	911	6.836117996327457
912	912	0.8746559202875317
913	913	3.1950811419241814
914	914	1.235164291267686
915	915	0.49685906630939486
916	916	1.3126328292237612
917	917	1.2843083660594563
918	918	0.915737714967497
919	919	11.825382889830882
920	920	1.5904613111247827
921	921	0.8607395589810531
922	922	0.39459647254914637
923	923	1.331084724051541
924	924	7.891000863248032
925	925	2.131465374444481
926	926	1.9333048087507452
927	927	0.9081465135407549
928	928	0.3589571033873732
929	929	3.092725928603751
930	930	0.25006434153990964
931	931	0.32231103172407505
932	932	9.891920263499136
933	933	3.0864277752521887
934	934	1.6803621412120437
935	935	0.6482334077067845
936	936	3.2824406050483774
937	937	0.24684275715612952
938	938	1.1491353674176006
939	939	1.0358303700996334
940	940	0.012485987410565417
941	941	0.9717129216151049
942	942	2.0328785669614917
943	943	0.5345964261519877
944	944	1.0820136843488766
945	945	0.4126280149582881
946	946	0.09953254899744325
947	947	1.5828250486759536
948	948	1.1046960821368748
949	949	2.2143708624776552
950	950	2.2654374143032214
951	951	2.002535747235141
952	952	0.6360342811404124
953	953	0.7399634348313691
954	954	1.6894295517977198
955	955	0.24905483507370463
956	956	4.402035638085854
957	957	1.8405940306479904
958	958	0.3570347494868487
959	959	5.346028429033615
960	960	0.16891860875255016
961	961	1.4760606984491995
962	962	1.0026067589023815
963	963	0.2976297786373059
964	964	0.3505210342361742
965	965	2.2614826216430126
966	966	7.280715005836294
967	967	2.5685424190227497
968	968	0.20038324287081571
969	969	0.9914677376296738
970	970	0.5593003881204687
971	971	2.3694512245645947
972	972	0.21749492393371034
973	973	0.807822259051605
974	974	0.4854032881001232
975	975	0.1993906111141959
976	976	1.1347409794336063
977	977	2.6184002855164383
978	978	2.751628958282204
979	979	5.559623005115464
980	980	0.07093272041494963
981	981	0.5081732724809971
982	982	0.4050601837629745
983	983	2.6060352775481714
984	984	2.904375139758784
985	985	1.70534570768508
986	986	0.906164337968726
987	987	8.973409563670291
988	988	0.6716974762056847
989	989	2.252615762264533
990	990	2.386181364522539
991	991	4.444772157102921
992	992	1.0869457564891778
993	993	0.10729214883732661
994	994	1.8435007974712656
995	995	2.3673594218689065
996	996	1.7381074517021995
997	997	3.7380542252690754
998	998	4.451264075580564
999	999	0.15997305036608125
1000	1000	0.44751356938168757
1001	1001	0.9559688308603105
1002	1002	1.4509663672633093
1003	1003	1.4025621396462742
1004	1004	2.406658153358082
1005	1005	3.3757555523757268
1006	1006	0.35682148148190085
1007	1007	5.77173145290804
1008	1008	5.990902794442454
1009	1009	3.3793483748193887
1010	1010	0.2606209866421527
1011	1011	3.0728968895012563
1012	1012	0.08654856988767011
1013	1013	0.7087954532876318
1014	1014	0.6014509255758215
1015	1015	0.8127679944733924
1016	1016	1.2302080623833935
1017	1017	2.229648236757655
1018	1018	0.5893453961070586
1019	1019	0.4879311591812155
1020	1020	0.16952669102647977
1021	1021	1.9692371051229636
1022	1022	1.080399207711095
1023	1023	0.1093328547950258
1024	1024	1.033441376036005
1025	1025	1.5835584784749894
1026	1026	2.952215351368228
1027	1027	3.3182049679018317
1028	1028	0.9522989582622794
1029	1029	0.028448808397088986
1030	1030	1.0088451431882162
1031	1031	0.10721120017824011
1032	1032	1.0314797737271677
1033	1033	0.029475403954520953
1034	1034	2.321001232416994
1035	1035	2.6986590871567255
1036	1036	0.35424101063545477
1037	1037	1.6718386548693862
1038	1038	1.3349274315143007
1039	1039	1.3355240156807389
1040	1040	4.38906884549659
1041	1041	5.280260715222291
1042	1042	0.15252389660008295
1043	1043	5.991463953095834
1044	1044	1.4525543817917956
1045	1045	1.1987405536753544
1046	1046	2.812134797826068
1047	1047	2.6180530326567233
1048	1048	1.7091114757633843
1049	1049	6.94886816059704
1050	1050	0.9865432257643956
1051	1051	0.7649519874006167
1052	1052	0.40168740854576473
1053	1053	1.701756917836423
1054	1054	1.9365712192593463
1055	1055	0.4318183793010418
1056	1056	2.65270705950382
1057	1057	0.6317038386233343
1058	1058	0.4882175198092523
1059	1059	1.2927828628388103
1060	1060	1.7254208528036452
1061	1061	0.10708962542081285
1062	1062	0.5563349122639019
1063	1063	1.6489147078011581
1064	1064	2.6224050293281924
1065	1065	1.4183676921847075
1066	1066	1.2197948309147812
1067	1067	1.7815713030518978
1068	1068	0.8481450168363389
1069	1069	0.4165653818499415
1070	1070	3.09112710205085
1071	1071	0.08776121390071706
1072	1072	0.2460771761964966
1073	1073	3.5555974447051044
1074	1074	2.1378442139491836
1075	1075	1.5106376334963925
1076	1076	1.7264107612202808
1077	1077	4.077648354299034
1078	1078	1.618867042978437
1079	1079	0.24653176607628946
1080	1080	0.49300260528841494
1081	1081	0.47759488067386646
1082	1082	0.4592162834341683
1083	1083	4.797716189476871
1084	1084	2.7160246274023034
1085	1085	2.872013648545927
1086	1086	1.1459330652716413
1087	1087	0.15981445404514524
1088	1088	0.7752326903312236
1089	1089	0.6153998664819936
1090	1090	2.5990105610128915
1091	1091	1.834289171254838
1092	1092	0.4242660936026228
1093	1093	0.7891617545985972
1094	1094	1.7304306179773727
1095	1095	1.908144413406824
1096	1096	0.19904424396160403
1097	1097	3.11444424808981
1098	1098	0.5096923988852067
1099	1099	3.5191121398165786
1100	1100	1.4229960917149727
1101	1101	1.2630401598976708
1102	1102	1.5722334192081298
1103	1103	0.9486593970961699
1104	1104	2.074989360752429
1105	1105	5.545479256332698
1106	1106	1.8455046265797885
1107	1107	0.8523533563053506
1108	1108	1.2587263876426766
1109	1109	1.5225079334942782
1110	1110	2.00747708138602
1111	1111	0.47658153152499433
1112	1112	3.2107343188352653
1113	1113	3.2996082384920213
1114	1114	2.419628543873019
1115	1115	3.3781780498941347
1116	1116	0.7744009327609511
1117	1117	0.9304053684144719
1118	1118	0.11843278654938834
1119	1119	2.8173392909120234
1120	1120	2.7833138966057165
1121	1121	0.15486621681579113
1122	1122	8.081451516093718
1123	1123	2.9630649017386834
1124	1124	2.0686662416079664
1125	1125	11.705120802286391
1126	1126	3.1231637738195066
1127	1127	1.2406631773370014
1128	1128	1.6790354588944363
1129	1129	2.288129384843494
1130	1130	10.331900167024099
1131	1131	0.12482234108962705
1132	1132	0.6990910999509105
1133	1133	0.967717907116307
1134	1134	1.990409544297785
1135	1135	0.3029131148409826
1136	1136	3.0502744410376916
1137	1137	6.8946484192395365
1138	1138	1.1817007186651987
1139	1139	1.1781987116026695
1140	1140	0.3048913044266575
1141	1141	2.7805611035919475
1142	1142	2.380666765077134
1143	1143	7.380969341468613
1144	1144	3.301688084708821
1145	1145	5.445444303186425
1146	1146	0.0026541150596821675
1147	1147	0.5188774572788112
1148	1148	3.031062537323353
1149	1149	0.995007619116126
1150	1150	1.573056895242891
1151	1151	0.4790598358417144
1152	1152	1.2509655544747424
1153	1153	0.19883916060161042
1154	1154	1.077428707995171
1155	1155	1.1280582797117076
1156	1156	1.5414264445081465
1157	1157	1.0388090918350494
1158	1158	2.504805297391057
1159	1159	1.1722580349381053
1160	1160	1.575398135431475
1161	1161	1.0513211520644608
1162	1162	1.3504908440595826
1163	1163	1.8866653634835722
1164	1164	0.7009950341952441
1165	1165	1.3970472004405818
1166	1166	0.9282628994167814
1167	1167	0.7528978080020562
1168	1168	0.8125307410836535
1169	1169	0.5794195955836999
1170	1170	4.831531144973946
1171	1171	0.9992857433312476
1172	1172	1.3026859145627538
1173	1173	1.9775956607823952
1174	1174	0.5525089169111688
1175	1175	0.7585754816840107
1176	1176	0.27859425899834533
1177	1177	1.2503689966713118
1178	1178	2.5211530189697733
1179	1179	0.36377270242000687
1180	1180	0.2784302731636817
1181	1181	0.14340645976298622
1182	1182	6.248139994867593
1183	1183	2.8747730454291203
1184	1184	3.3781412198020915
1185	1185	2.2116278200750465
1186	1186	0.35539889598464836
1187	1187	1.4047192834611277
1188	1188	2.189889846833759
1189	1189	1.0535901007833373
1190	1190	4.47125868379534
1191	1191	4.448376653758013
1192	1192	3.93138236914086
1193	1193	1.9911712864249973
1194	1194	0.9227348995739701
1195	1195	2.389114742420408
1196	1196	1.345284458534317
1197	1197	0.3539545166962017
1198	1198	2.483199034726992
1199	1199	0.9531037944196996
1200	1200	1.8352296057634467
1201	1201	2.1403452860026877
1202	1202	3.101969673356085
1203	1203	2.7063327140903572
1204	1204	0.1506728444806966
1205	1205	1.1545207254834136
1206	1206	0.9209748314511297
1207	1207	2.1015505230604115
1208	1208	0.830206999545298
1209	1209	1.5521408670753483
1210	1210	0.25875993414899195
1211	1211	0.28450316899500877
1212	1212	5.281489163802431
1213	1213	9.182286673261617
1214	1214	1.2029575018927572
1215	1215	4.022967888533687
1216	1216	1.5181847800473354
1217	1217	0.0831281285064379
1218	1218	0.5108659156289019
1219	1219	0.4987568877199933
1220	1220	1.5871253248715569
1221	1221	2.1781356790159223
1222	1222	2.051399045497749
1223	1223	0.4352750684011882
1224	1224	5.342136436585688
1225	1225	4.192007711104146
1226	1226	5.266715943480908
1227	1227	0.6536476918572196
1228	1228	2.4046981757437034
1229	1229	3.815776443589176
1230	1230	2.6487873839598346
1231	1231	3.0432737407175283
1232	1232	0.04500057795213762
1233	1233	1.169800334296847
1234	1234	5.631242367741715
1235	1235	0.6864437081789302
1236	1236	0.059342977088779655
1237	1237	1.6755212917185558
1238	1238	3.4550627527119535
1239	1239	2.119463441827418
1240	1240	2.241545071401309
1241	1241	2.410339289931936
1242	1242	5.839043183714106
1243	1243	2.089499395338052
1244	1244	2.0684828863114055
1245	1245	0.09529293816708558
1246	1246	3.3337899535378703
1247	1247	0.19152010066895592
1248	1248	2.4354600025169293
1249	1249	2.103552787184487
1250	1250	14.154850506546635
1251	1251	0.2453139849275106
1252	1252	0.22367143924128852
1253	1253	1.5648195003399916
1254	1254	6.771771876216978
1255	1255	3.2917761368580676
1256	1256	3.634337495473399
1257	1257	3.013735783843927
1258	1258	9.889102769040834
1259	1259	1.260988058936239
1260	1260	1.6412408369329239
1261	1261	0.5196153229774311
1262	1262	8.528154175930608
1263	1263	4.636964929056364
1264	1264	0.12563924903750287
1265	1265	1.9112412587284229
1266	1266	1.374735832189438
1267	1267	0.4381751866607903
1268	1268	0.07182890626261562
1269	1269	1.2885928844937153
1270	1270	0.23881447772672562
1271	1271	1.7146725087737325
1272	1272	0.4227082656274849
1273	1273	4.598809003660856
1274	1274	1.8252122191056144
1275	1275	1.3136198379913666
1276	1276	1.094002124481705
1277	1277	0.945970681890747
1278	1278	0.03467739770750919
1279	1279	3.4140812337576616
1280	1280	0.8948950763071969
1281	1281	0.004917038015952542
1282	1282	0.2631179804328324
1283	1283	2.132574720514054
1284	1284	7.569639351188406
1285	1285	3.2291366874229377
1286	1286	0.40270850142837905
1287	1287	0.6595263903665487
1288	1288	0.6228766795251482
1289	1289	3.3505779581050845
1290	1290	0.3138050078515434
1291	1291	0.8155750790574383
1292	1292	1.845891091214268
1293	1293	6.815980152855347
1294	1294	0.5890658155988191
1295	1295	2.7956193144300405
1296	1296	8.768384187799118
1297	1297	1.0657677035535023
1298	1298	3.4435156650413075
1299	1299	0.04350285977579971
1300	1300	1.610631799253933
1301	1301	0.3848361056630501
1302	1302	3.0855769807080033
1303	1303	3.380400191604652
1304	1304	0.741588578368375
1305	1305	1.3193367910661349
1306	1306	2.7227048399052687
1307	1307	2.7595315211942584
1308	1308	3.166729161575824
1309	1309	0.46873428032091224
1310	1310	0.5713606901521718
1311	1311	0.25699979521549393
1312	1312	0.5045745814928243
1313	1313	1.2016645567567767
1314	1314	0.12162303866262651
1315	1315	0.2840048146351308
1316	1316	0.8978699804344401
1317	1317	4.363191645497345
1318	1318	0.5639649267615134
1319	1319	1.9196934159431367
1320	1320	0.12690640674685416
1321	1321	0.12766161768770884
1322	1322	0.7507517622739285
1323	1323	1.1515858465753535
1324	1324	2.8980209546656033
1325	1325	0.6267278394352128
1326	1326	0.4593123397910733
1327	1327	0.9001681152323621
1328	1328	0.15018680323964392
1329	1329	4.092038080870605
1330	1330	3.188052788947681
1331	1331	2.0771733169082864
1332	1332	0.9268244061488327
1333	1333	4.191875116159366
1334	1334	1.0439889088256755
1335	1335	4.605203226605727
1336	1336	6.925934804046919
1337	1337	1.6008493137571997
1338	1338	4.059871891109465
1339	1339	0.5520912997418612
1340	1340	0.5067865311939601
1341	1341	0.27619497531805765
1342	1342	0.04504210264850007
1343	1343	0.42551598224938053
1344	1344	0.16597660063073189
1345	1345	0.4801524817615103
1346	1346	2.3629799450105144
1347	1347	0.11753691301183912
1348	1348	0.26983622828878323
1349	1349	1.1134024569652934
1350	1350	1.2111412659298026
1351	1351	1.3886552204576523
1352	1352	1.4366725976724128
1353	1353	0.3143014420858044
1354	1354	0.5269356710801142
1355	1355	0.7685370672974895
1356	1356	2.260692509244145
1357	1357	0.4269238591010108
1358	1358	3.490584770086737
1359	1359	3.133444175680375
1360	1360	1.6604918895903662
1361	1361	0.40598260970922284
1362	1362	0.6280961788290433
1363	1363	0.42801760766342956
1364	1364	3.4494208191367313
1365	1365	0.3020102779626791
1366	1366	0.004659275615100883
1367	1367	0.568659103700289
1368	1368	1.4973323204098339
1369	1369	2.7717765322241887
1370	1370	0.09523823783613046
1371	1371	2.1209645693854924
1372	1372	0.3398079084741123
1373	1373	0.3257992307249671
1374	1374	1.855048075961056
1375	1375	1.3834771516019801
1376	1376	0.31286613407019365
1377	1377	0.3878862844920286
1378	1378	0.10978435174935494
1379	1379	0.9202053600167057
1380	1380	0.6999193742421439
1381	1381	1.1685337207051918
1382	1382	0.5566831473036046
1383	1383	3.644514616197239
1384	1384	3.1755498723992837
1385	1385	1.5628387767366967
1386	1386	1.1794295635929508
1387	1387	0.7743654973481513
1388	1388	1.6374494870029017
1389	1389	0.017854733794880975
1390	1390	4.530533973543319
1391	1391	0.9776129556510488
1392	1392	0.28996571863190856
1393	1393	0.008673964028238114
1394	1394	7.142267232568043
1395	1395	4.9429060165970276
1396	1396	2.284257560229948
1397	1397	7.362472787223598
1398	1398	5.29947406951635
1399	1399	1.0538207330972729
1400	1400	1.0262268585493126
1401	1401	0.9430211706323698
1402	1402	0.19478244066464592
1403	1403	0.34327825644356336
1404	1404	0.9533603993558822
1405	1405	0.16213473556686134
1406	1406	3.161629084931327
1407	1407	3.0298575714985496
1408	1408	2.2600224946254257
1409	1409	3.0262341458198
1410	1410	3.6903773065432333
1411	1411	1.1486079201032193
1412	1412	1.2312708576908775
1413	1413	5.004058809404531
1414	1414	4.384710914745962
1415	1415	0.7177019055699024
1416	1416	1.1010214823028357
1417	1417	1.8227140148112888
1418	1418	0.20777997256164074
1419	1419	4.914494861601224
1420	1420	1.2175090816933951
1421	1421	4.069984139244323
1422	1422	0.6761581249414358
1423	1423	0.9246001521921932
1424	1424	1.1395149302522265
1425	1425	0.8538466157486716
1426	1426	1.007476616233035
1427	1427	0.5536188919564263
1428	1428	2.680981736316768
1429	1429	3.3778121727021815
1430	1430	1.3949107313444389
1431	1431	1.5395349891562364
1432	1432	5.219874891671024
1433	1433	2.3188549544544728
1434	1434	0.35143981878932024
1435	1435	1.9132847336545378
1436	1436	4.838520757747397
1437	1437	0.7299748980517556
1438	1438	1.0872047641410252
1439	1439	1.199015364577101
1440	1440	0.37283853288563074
1441	1441	0.04805280066456745
1442	1442	0.4532010173909967
1443	1443	1.6538515864909153
1444	1444	0.4090402385650724
1445	1445	0.009408350214722529
1446	1446	1.675764237863597
1447	1447	0.8283499089890424
1448	1448	2.735646167496873
1449	1449	0.880483664662885
1450	1450	0.5543301931062049
1451	1451	1.8419545561624973
1452	1452	2.9772484370609105
1453	1453	2.3761938327329615
1454	1454	2.6860965580473195
1455	1455	4.790223796689257
1456	1456	0.07781871828343916
1457	1457	0.2258066676967728
1458	1458	1.720934847992568
1459	1459	0.6699251223598857
1460	1460	0.8867938036360326
1461	1461	1.158052713514225
1462	1462	5.796732404575273
1463	1463	8.715802517378131
1464	1464	0.7237733019782092
1465	1465	2.342723552680562
1466	1466	0.28103593805353405
1467	1467	1.0399465498501859
1468	1468	0.1811745621308915
1469	1469	3.6717054286107103
1470	1470	0.8129738496983411
1471	1471	2.227187658943281
1472	1472	0.2489796056861127
1473	1473	0.8594225456400584
1474	1474	0.5756106865275402
1475	1475	2.4434314974425764
1476	1476	3.7061873185683494
1477	1477	0.9044328144370178
1478	1478	1.4645866003665562
1479	1479	1.6332469265828038
1480	1480	4.0456334262470435
1481	1481	1.1963874596870345
1482	1482	0.8904856988492761
1483	1483	3.517530295181503
1484	1484	0.5577225488404652
1485	1485	0.05620797966580448
1486	1486	0.735671733399882
1487	1487	0.9198814377285874
1488	1488	1.4981185227915357
1489	1489	5.947157138614266
1490	1490	2.294303179684645
1491	1491	0.20292573802673433
1492	1492	0.6461261481265733
1493	1493	0.4422188026509424
1494	1494	0.7224120321134808
1495	1495	1.6080920804919903
1496	1496	4.588903227430246
1497	1497	0.43947144447538666
1498	1498	4.22303629058321
1499	1499	1.7452268650341127
1500	1500	6.314358647912072
1501	1501	1.5690648722214755
1502	1502	1.724332911408706
1503	1503	1.3480380877319573
1504	1504	2.1462842339859134
1505	1505	1.171507857034714
1506	1506	1.2266423682325411
1507	1507	0.6712131026737709
1508	1508	1.7577651823053215
1509	1509	1.183567056255211
1510	1510	2.0368630962808547
1511	1511	5.171656817607035
1512	1512	1.621747708254223
1513	1513	1.9967859251735016
1514	1514	0.39478716601925334
1515	1515	0.7522081000554152
1516	1516	1.0091934106183735
1517	1517	0.2069872132392135
1518	1518	2.410132223786333
1519	1519	0.6157639296054479
1520	1520	0.0785769117034539
1521	1521	0.8579999150225518
1522	1522	0.7700594735568382
1523	1523	0.8832488164793331
1524	1524	1.194004066299206
1525	1525	0.09518898194795337
1526	1526	5.699719683465684
1527	1527	2.3077196192195535
1528	1528	1.070565347137286
1529	1529	0.3520460811961081
1530	1530	1.4227310666018584
1531	1531	1.3476140149053868
1532	1532	2.282524086717444
1533	1533	0.07756099713207816
1534	1534	4.397555734804054
1535	1535	1.2074868935839216
1536	1536	1.3952921954168633
1537	1537	0.5306187506438385
1538	1538	1.7279561118711755
1539	1539	0.6622645259024398
1540	1540	4.765429747266203
1541	1541	2.7032319474413407
1542	1542	0.8053618160245403
1543	1543	2.0976311039660085
1544	1544	4.440363155383579
1545	1545	0.60041595550053
1546	1546	1.5563851553484476
1547	1547	0.11280479407360547
1548	1548	0.6384571735707889
1549	1549	2.871277622045822
1550	1550	1.0073550991463915
1551	1551	1.4529740959790982
1552	1552	0.44139214467741017
1553	1553	0.15999261792016758
1554	1554	5.118840415693429
1555	1555	2.2896055256015515
1556	1556	2.2505110371291535
1557	1557	1.3191609208706343
1558	1558	4.3758867261377095
1559	1559	5.322681684903248
1560	1560	0.9863018873898535
1561	1561	0.7572281843095565
1562	1562	4.921134070039248
1563	1563	0.4404708323909187
1564	1564	5.279918950805995
1565	1565	0.10929232575848952
1566	1566	0.3982709971730598
1567	1567	0.7940031430120298
1568	1568	0.6925274211345982
1569	1569	5.380911178335269
1570	1570	0.3862307666850356
1571	1571	2.8436551912428647
1572	1572	0.025351953732966368
1573	1573	0.5478552353523167
1574	1574	1.3636646812893831
1575	1575	0.8612826552237347
1576	1576	0.4536962219945821
1577	1577	2.768569370549979
1578	1578	3.646303273302312
1579	1579	2.9435309845077375
1580	1580	0.8375734688816304
1581	1581	2.4532202791630735
1582	1582	0.7184156664547077
1583	1583	0.34851631035488845
1584	1584	2.7955545893537335
1585	1585	1.5795302346734144
1586	1586	1.403143983656378
1587	1587	1.2658275473009895
1588	1588	0.7290340401087079
1589	1589	2.4238452596592617
1590	1590	0.8512176240285217
1591	1591	3.2871928682683453
1592	1592	0.7718869935567743
1593	1593	1.472964337932161
1594	1594	0.6786843130214092
1595	1595	1.4080769671171818
1596	1596	2.3459163809154155
1597	1597	4.549420383076112
1598	1598	1.7938506026964907
1599	1599	3.156968936109175
1600	1600	2.370771696724564
1601	1601	4.900008379562615
1602	1602	2.5946627294590874
1603	1603	2.8544761830294534
1604	1604	1.1398804285970283
1605	1605	1.7308210958813735
1606	1606	1.0540708104623688
1607	1607	1.0538829077997416
1608	1608	2.2555693367781187
1609	1609	0.6055922518856446
1610	1610	1.1544652981331525
1611	1611	1.2653578722794412
1612	1612	0.37522556857059414
1613	1613	3.6134368828773393
1614	1614	4.832242596405584
1615	1615	0.684392047973679
1616	1616	8.00188666096165
1617	1617	0.8509703904197021
1618	1618	6.216097059107528
1619	1619	1.0234916804085503
1620	1620	1.0241221188026512
1621	1621	0.13749185687033097
1622	1622	1.6752441196952825
1623	1623	0.16930033100906733
1624	1624	0.5208310281000688
1625	1625	0.5602882137878951
1626	1626	0.8633494838760999
1627	1627	5.257609643989978
1628	1628	0.520305110844333
1629	1629	0.07205464500467514
1630	1630	1.4399832714853182
1631	1631	6.238285852268112
1632	1632	0.2670263757611904
1633	1633	3.424208269017865
1634	1634	4.59880323433254
1635	1635	1.506168979618297
1636	1636	3.897873363179693
1637	1637	0.4028223177074999
1638	1638	0.28203595419369876
1639	1639	5.755146979054399
1640	1640	1.529470440374092
1641	1641	0.568441126815488
1642	1642	0.5140852859675072
1643	1643	0.24509873269741994
1644	1644	1.3003674128927198
1645	1645	0.5785684368724544
1646	1646	1.6581294415785346
1647	1647	1.0279209782368253
1648	1648	1.2067903696430817
1649	1649	0.18667638078517976
1650	1650	0.25499186233398335
1651	1651	0.6536845293312957
1652	1652	0.8792635898859424
1653	1653	0.17408109968833146
1654	1654	0.24489094404652287
1655	1655	0.5771923582709138
1656	1656	0.6634399007166013
1657	1657	0.7909228908288775
1658	1658	5.43934885994013
1659	1659	0.14732704581199554
1660	1660	5.631989440299839
1661	1661	1.1776164263311286
1662	1662	0.7107169060695452
1663	1663	0.6660120748117482
1664	1664	3.274427327234389
1665	1665	1.6128586262037408
1666	1666	1.700001283829526
1667	1667	1.3934473334966058
1668	1668	1.591012350190994
1669	1669	1.3318068170250565
1670	1670	0.618719046609331
1671	1671	3.1534650151221224
1672	1672	1.8788317652298279
1673	1673	3.441100841176038
1674	1674	0.8357983510589689
1675	1675	1.2541385839991077
1676	1676	0.16856212636955217
1677	1677	2.6422329675904166
1678	1678	0.2156624765145307
1679	1679	1.7931066319559297
1680	1680	0.3492760543718248
1681	1681	1.0468882302064342
1682	1682	1.0720292918586332
1683	1683	0.5444099341667676
1684	1684	5.785375686602274
1685	1685	0.11448731493720636
1686	1686	1.1364187728783923
1687	1687	3.3810472554944653
1688	1688	1.514244719452513
1689	1689	1.2671099966514658
1690	1690	0.6377960326945097
1691	1691	0.7497183825880435
1692	1692	1.744094165930426
1693	1693	1.7083440544943476
1694	1694	1.9778931302623655
1695	1695	3.057268477044523
1696	1696	6.414061270703095
1697	1697	2.730943534473527
1698	1698	11.108231055226394
1699	1699	0.3876647620385847
1700	1700	0.5933462902278158
1701	1701	0.39922394326461513
1702	1702	0.7729100571141078
1703	1703	0.6165023901514212
1704	1704	3.3921709263913185
1705	1705	1.6190526852975866
1706	1706	0.717524498034982
1707	1707	1.3433541321336497
1708	1708	0.8192925691446116
1709	1709	1.3519721133164804
1710	1710	0.6570273457432604
1711	1711	2.9649325484792155
1712	1712	0.6939074827131659
1713	1713	2.4858685968284555
1714	1714	3.4632579722651986
1715	1715	0.8646894848566001
1716	1716	10.997274210496375
1717	1717	1.7308764983944627
1718	1718	4.230463459269575
1719	1719	0.521227801515114
1720	1720	0.5324082158851682
1721	1721	3.7340709085628156
1722	1722	2.043029719692936
1723	1723	2.2120126620570417
1724	1724	0.8694374456788729
1725	1725	0.2558980980524227
1726	1726	2.2780748922194354
1727	1727	2.069496920552869
1728	1728	1.2866171929913879
1729	1729	0.5099598512899782
1730	1730	2.9910924807533354
1731	1731	0.41190467570959877
1732	1732	2.02966591558281
1733	1733	0.9300310052498327
1734	1734	1.1133787737778456
1735	1735	1.0255933672114714
1736	1736	4.270172822441491
1737	1737	0.13902031778331808
1738	1738	1.8967819522921439
1739	1739	0.7220109608663143
1740	1740	1.2634516167074807
1741	1741	1.7477127244497364
1742	1742	0.4073187864170068
1743	1743	1.1268675748621275
1744	1744	0.38361058535551046
1745	1745	4.702858323907242
1746	1746	3.203715445818331
1747	1747	1.423367803152415
1748	1748	0.1294173012178843
1749	1749	0.2976489345584575
1750	1750	2.828125069143743
1751	1751	0.530855672924453
1752	1752	13.654166408126606
1753	1753	0.36999361868845154
1754	1754	0.32017958717197764
1755	1755	1.0604603296784398
1756	1756	2.415035941265558
1757	1757	0.14994054685741043
1758	1758	0.1905752046057481
1759	1759	0.11821122254669517
1760	1760	1.8606608462222727
1761	1761	0.13550443626538433
1762	1762	0.2526078142742368
1763	1763	1.648416676471545
1764	1764	0.5041826457177365
1765	1765	2.7843775938780317
1766	1766	0.2314394795593832
1767	1767	0.5541947808356772
1768	1768	0.9491506577552891
1769	1769	3.0673728371081306
1770	1770	0.2720953530581935
1771	1771	0.5851667388901125
1772	1772	0.7545787811441396
1773	1773	0.2778667841270732
1774	1774	0.30684099059606
1775	1775	1.424514195742222
1776	1776	3.199405067391452
1777	1777	1.4290048420367867
1778	1778	1.580432418435303
1779	1779	2.3701831490959906
1780	1780	5.515402605351389
1781	1781	1.5944873945964835
1782	1782	1.0377170996071552
1783	1783	5.785773561941477
1784	1784	0.8381506197451328
1785	1785	1.253156441132053
1786	1786	4.79438425719461
1787	1787	0.271928717323961
1788	1788	2.1772896969026347
1789	1789	0.49803166292918294
1790	1790	1.2350412190504514
1791	1791	0.46273950996564794
1792	1792	0.18538839768876886
1793	1793	2.612123322261367
1794	1794	0.5707788377775558
1795	1795	0.6834961733565265
1796	1796	2.158464950766905
1797	1797	0.0624648994731363
1798	1798	2.136934988878631
1799	1799	0.4043513076672284
