0	0	0.9982034032464842
1	1	3.9528869875185246
2	2	0.6463313384606133
3	3	0.3996228239561887
4	4	0.16041052857633492
5	5	3.064693010028286
6	6	0.8987286976979485
7	7	1.1102730753862717
8	8	0.7761262192111327
9	9	1.8666702183809902
10	10	0.622429928736497
11	11	3.0057357606109676
12	12	0.5059064268421997
13	13	0.19544823612288922
14	14	2.730631007484845
15	15	1.878091554297305
16	16	3.939002882104967
17	17	5.1208803426863705
18	18	1.2265323420990772
19	19	0.6743452417413722
20	20	2.5058201273652254
21	21	7.169884992591108
22	22	0.38917661092396333
23	23	2.1924003331715576
24	24	5.474869376513095
25	25	0.17589210380559042
26	26	1.6949513196656816
27	27	4.893302403535958
28	28	0.5963262259791617
29	29	4.754225541401448
30	30	0.1936954350857197
31	31	0.9015120130764008
32	32	2.6136315475266585
33	33	2.3243604158850504
34	34	10.828283666798324
35	35	0.5552753014489616
36	36	2.0023493646827992
37	37	8.310035615582224
38	38	2.2231627882894247
39	39	0.2836161910848349
40	40	0.8622220713678526
41	41	2.951409237578156
42	42	1.6733551443946857
43	43	1.6567021234376416
44	44	4.7474025995168425
45	45	3.387753624960184
46	46	4.539083776999433
47	47	0.7184400083275831
48	48	2.3604430083477785
49	49	3.0358863495605086
50	50	2.1401248343438612
51	51	1.9877818932359597
52	52	1.3228905149045014
53	53	0.8833487243178918
54	54	11.725175376104097
55	55	0.04685091216524579
56	56	1.602143281725617
57	57	0.649317456871308
58	58	1.4887973207978167
59	59	0.7638861256552342
60	60	0.6831628399626899
61	61	0.5430827090681626
62	62	3.367457035659906
63	63	0.5189920428664546
64	64	3.154190102114681
65	65	0.87167140720667
66	66	2.4150366993420183
67	67	1.1400104564856353
68	68	0.17350612532801615
69	69	2.1540544746140857
70	70	0.5374395054374109
71	71	0.37184480267344394
72	72	1.9748190357707136
73	73	0.29098395139591693
74	74	3.4101295989811105
75	75	1.611146926956855
76	76	4.525967449542296
77	77	0.1822818203215369
78	78	1.0833326187450576
79	79	3.0757416902177317
80	80	0.5234802576948612
81	81	0.7041136520272009
82	82	2.532188702748423
83	83	8.173718070898897
84	84	2.0078987287411785
85	85	0.9462895763209361
86	86	0.984403733255066
87	87	1.642913044184997
88	88	1.2801615415974263
89	89	0.02695297293408951
90	90	0.4836735858425258
91	91	0.7051722449424636
92	92	0.5192942104083711
93	93	1.2918243220383798
94	94	0.06373742077042584
95	95	3.3974658099115547
96	96	1.5566465717724824
97	97	2.0966339749486895
98	98	0.5712891187347606
99	99	0.2757563718785492
100	100	1.6245465489490938
101	101	2.7011458911666626
102	102	0.782478578138189
103	103	2.8119423614183696
104	104	4.854667573941369
105	105	8.235153886196372
106	106	0.4433411838414345
107	107	4.771235372628925
108	108	3.4256372862447573
109	109	1.6108646624445633
110	110	2.3680653446445277
111	111	0.44196690603068356
112	112	1.9779364103330914
113	113	6.427628985409979
114	114	1.9076181841613926
115	115	0.02772263090926786
116	116	1.8059132037141696
117	117	2.6304209432291343
118	118	2.9448543491648276
119	119	1.341654136334319
120	120	1.6508039915120412
121	121	0.54611532910909
122	122	0.26206597062368164
123	123	0.5828262720900448
124	124	0.6864022281257934
125	125	1.1913849942944508
126	126	0.5675293161315652
127	127	0.37885986223957746
128	128	1.5079761094392659
129	129	0.7755509453727509
130	130	2.788084938540672
131	131	0.5045901871692875
132	132	0.8635250942342316
133	133	0.18979579826402249
134	134	0.3794067121606624
135	135	1.502963442978021
136	136	3.4895014231785426
137	137	0.11745907408511295
138	138	3.1755133009167342
139	139	2.868379305931359
140	140	1.6432916748115174
141	141	0.018139174564032867
142	142	4.8378643741099525
143	143	4.858593085359643
144	144	5.211434669894777
145	145	1.5844736459287567
146	146	2.1565106030725527
147	147	0.7881229094350752
148	148	0.3925902936027747
149	149	2.683294388311013
150	150	3.3080012087632302
151	151	0.9158580773928616
152	152	1.3558786199156072
153	153	1.2711367098805146
154	154	3.8315378525962642
155	155	0.535179346929914
156	156	2.713359427028421
157	157	3.679056867796484
158	158	1.9063394733878534
159	159	2.8796638010937596
160	160	7.2079005761456685
161	161	2.697746593811001
162	162	1.2677465357715605
163	163	0.4999871279700988
164	164	0.700950465980891
165	165	3.1550958905953084
166	166	6.236130170685493
167	167	4.028721161157726
168	168	2.2690629315092172
169	169	4.3736774019252795
170	170	5.360285128480247
171	171	5.011592463155148
172	172	0.7541585327993351
173	173	0.2159913518700343
174	174	1.759257446133997
175	175	0.6042229782739552
176	176	2.298616477025845
177	177	6.176761190082818
178	178	1.4224924011615077
179	179	0.8251953631782788
180	180	0.32791233033751876
181	181	7.079131561880361
182	182	0.8318718388486492
183	183	0.445540554868695
184	184	4.735759124480379
185	185	1.559986585137886
186	186	0.046327450136217585
187	187	1.449995405592846
188	188	2.8257931613445773
189	189	2.7235852304575836
190	190	0.049502043079231485
191	191	1.2235888315697765
192	192	4.633591546047842
193	193	1.184239518687996
194	194	1.1030135936727878
195	195	3.3789498471075334
196	196	0.2212241513371634
197	197	0.510536677010798
198	198	0.888149377970408
199	199	0.31522091564187765
200	200	0.9043243358176705
201	201	0.2154486043424208
202	202	1.6152421333964158
203	203	0.7482943367072983
204	204	1.1661990338095956
205	205	0.3977567814433059
206	206	1.9250005191304023
207	207	0.36004117294940985
208	208	0.8333584866372591
209	209	4.205959356457435
210	210	0.8891729763098862
211	211	0.30139635487014677
212	212	4.583228612687082
213	213	0.4626430168455914
214	214	1.6579769528388433
215	215	2.2336632997785357
216	216	7.870488858321487
217	217	1.0804892348636026
218	218	0.7012312914647355
219	219	0.534920156314645
220	220	1.6265615076669517
221	221	1.482198884315233
222	222	1.6929832787097117
223	223	0.8978844580323533
224	224	1.5416201881930065
225	225	5.629745601550057
226	226	0.5923047723968347
227	227	1.1924799398886459
228	228	0.39479732253135147
229	229	0.8565087057951352
230	230	4.561981083748492
231	231	1.9400445214356181
232	232	0.14253885922011492
233	233	0.5807747486394094
234	234	3.7620816581116565
235	235	0.8064534158064637
236	236	4.223845348287752
237	237	3.425618939137148
238	238	0.8474144259295933
239	239	1.3267102032695042
240	240	4.1624161701096405
241	241	0.7035083468305264
242	242	2.2959949238254294
243	243	1.8000084829872198
244	244	0.5686536573885185
245	245	2.1310565120926994
246	246	1.058987816974239
247	247	3.144353781172375
248	248	0.7275648111157862
249	249	3.8270088821267314
250	250	0.40806644543683895
251	251	0.7515395415284932
252	252	3.74699204147692
253	253	2.209611349157543
254	254	4.597016593679437
255	255	0.0951729190177083
256	256	2.9368652676409397
257	257	1.3518177436102303
258	258	3.37340147678083
259	259	4.063555189148412
260	260	0.9057589889311296
261	261	3.956904848672057
262	262	5.910947171621084
263	263	5.639375858922083
264	264	5.060806972037652
265	265	1.205618844190508
266	266	2.9542196459798373
267	267	0.4785348324715341
268	268	0.6083504579132577
269	269	1.9226340249926113
270	270	1.6806546723084037
271	271	1.2354913737585187
272	272	0.3779842093809699
273	273	3.585191448115644
274	274	0.2802642922777557
275	275	0.0842181166050452
276	276	0.45545204360837904
277	277	3.0200473293145467
278	278	0.7858302475330308
279	279	0.06737582088428201
280	280	2.042101561053605
281	281	1.0420695068722894
282	282	2.3308536866848137
283	283	0.16949803371033226
284	284	0.07314128457136655
285	285	0.27653358076693973
286	286	3.4219178123928855
287	287	6.212641997329551
288	288	1.735865475058894
289	289	0.06896447605666971
290	290	0.9210981010012288
291	291	2.484307191756652
292	292	3.3003899459681474
293	293	2.7438516445453014
294	294	2.2209466747750493
295	295	2.1751355467724927
296	296	2.14287574294489
297	297	1.7857414910928908
298	298	0.6075427870546398
299	299	3.760305131381041
300	300	1.030264271878695
301	301	3.116801082286182
302	302	0.35922550197907643
303	303	2.022687415798993
304	304	1.4133616488785246
305	305	6.22765384805935
306	306	2.094125199303291
307	307	1.1262318343017426
308	308	3.920262471551028
309	309	6.043309483851036
310	310	0.7549230781177507
311	311	4.958010671642092
312	312	2.262690994937911
313	313	0.7082211797212219
314	314	0.04891932283430708
315	315	1.0470248066405683
316	316	1.0387303161639918
317	317	0.1466755647448855
318	318	1.6560851802828633
319	319	0.8677199065095991
320	320	2.0078683503338595
321	321	1.5606112866293367
322	322	1.9551238745664592
323	323	1.8159905657168176
324	324	0.4144335475671882
325	325	0.8846458464883373
326	326	1.687853745363598
327	327	5.098412953205147
328	328	2.6482084991508845
329	329	2.3316865157105386
330	330	0.719410826931896
331	331	6.561179584985469
332	332	3.7935957617208533
333	333	9.756192842786941
334	334	0.13316290902723343
335	335	1.4541863130467891
336	336	0.727079189779274
337	337	5.053396373085611
338	338	1.4213174647797204
339	339	2.105021169637403
340	340	7.56652352927712
341	341	1.9232617369440899
342	342	4.009772273521026
343	343	1.6838097170799053
344	344	0.20016233098432362
345	345	0.271772273496258
346	346	0.15812878135407016
347	347	4.058142991691978
348	348	1.0539857194147562
349	349	0.9188067098303276
350	350	1.6932049068720516
351	351	0.6651947754577845
352	352	5.782059507580736
353	353	0.6703199912866299
354	354	4.282045808015138
355	355	3.209459268889091
356	356	1.1476278309335601
357	357	0.8944887839738889
358	358	0.1866846361733949
359	359	1.855109105557408
360	360	1.9350479247205477
361	361	0.5336098907627547
362	362	3.227138525811555
363	363	0.31647910397599405
364	364	0.15422070371136565
365	365	0.7181189253342591
366	366	0.14450899288346744
367	367	1.682830161285615
368	368	2.797544659199912
369	369	0.2962010122439939
370	370	1.2755053675691352
371	371	0.7485221512564378
372	372	1.1765388185026084
373	373	3.1283354676779704
374	374	3.5775084136440065
375	375	2.588729126509498
376	376	3.2528678958082042
377	377	2.268009446377374
378	378	0.4617620667646706
379	379	2.3411710583993814
380	380	1.0063801784993205
381	381	1.2762603148960578
382	382	4.859771269120508
383	383	0.5435448054864079
384	384	1.5034042352662702
385	385	2.1578335830715223
386	386	9.432225622368511
387	387	0.870945227196014
388	388	3.4436929223485073
389	389	3.713597034228989
390	390	4.671840865282322
391	391	0.5511371500950901
392	392	1.0792686501520636
393	393	2.0281016292437375
394	394	0.08750392599736867
395	395	3.9685693568238167
396	396	1.2190024306524867
397	397	1.2497949791872736
398	398	2.3223798498018704
399	399	1.4359429238357497
400	400	1.2137798183664852
401	401	1.6644326252042387
402	402	0.8358982021614096
403	403	2.0709822554245916
404	404	0.6434516251726108
405	405	3.442118699380569
406	406	0.44003946492549656
407	407	0.1104120777944659
408	408	0.4084146774584882
409	409	4.076956280068033
410	410	3.548502429229697
411	411	0.08278570164569597
412	412	3.5280063137217543
413	413	1.5564037235857977
414	414	1.307601119593239
415	415	0.9986335865177982
416	416	0.29295832473927075
417	417	2.165214082781765
418	418	4.863434017747952
419	419	0.6482491203659958
420	420	4.989693269223495
421	421	2.1143957988124913
422	422	0.5715266610748487
423	423	0.15791311316942272
424	424	2.904789043691751
425	425	0.6624802701189337
426	426	0.28368132154481496
427	427	7.800250097489031
428	428	2.480412314435706
429	429	2.4427341740694293
430	430	1.261946293198538
431	431	0.6309016059626168
432	432	3.750704753897609
433	433	1.5680845916971575
434	434	0.35553099011340467
435	435	1.1271613656812194
436	436	1.7375761606701086
437	437	6.898366131121594
438	438	2.3172682839680276
439	439	0.2931770912938698
440	440	0.11717366113976058
441	441	2.078766805772946
442	442	0.949967959723672
443	443	0.06756868902603323
444	444	7.431800267053727
445	445	0.4724101711869809
446	446	0.35135311758599946
447	447	0.767672281425295
448	448	4.620156666096478
449	449	5.229765428216327
450	450	4.156422671407324
451	451	1.506081748854567
452	452	3.9018662142768163
453	453	1.1403297525146232
454	454	0.9374884963204887
455	455	0.9281549746339205
456	456	2.1958785010773947
457	457	6.137063754468989
458	458	8.332820172974143
459	459	2.0287853589055027
460	460	0.35179180602334753
461	461	0.4896822235267734
462	462	0.7917639822621371
463	463	2.7640218702198673
464	464	3.79084012151515
465	465	0.5427013405111734
466	466	0.7536612813141221
467	467	0.5293592812931397
468	468	0.49584240931850887
469	469	0.27325181276879223
470	470	0.953136523035906
471	471	2.8950546645057686
472	472	0.2292232932829855
473	473	0.19820314289618124
474	474	0.5093893625595562
475	475	0.38780800419386374
476	476	0.7105969657786838
477	477	0.7076056897261032
478	478	2.564676102017241
479	479	0.1555271129093388
480	480	0.33814167940019557
481	481	2.6365978482206085
482	482	4.640931606244922
483	483	1.7628579132655164
484	484	2.6322633121634365
485	485	0.8699581841064938
486	486	4.828760504343046
487	487	5.5436395444078235
488	488	0.3657673111752465
489	489	1.0162932244244631
490	490	1.3258787751515448
491	491	1.1306969674941276
492	492	0.5879410434585574
493	493	2.918045965589556
494	494	1.745167311216608
495	495	0.7819637327035699
496	496	4.2057234627162305
497	497	0.5143505957432949
498	498	2.06637755686724
499	499	1.6678003640029608
500	500	1.2851716860006064
501	501	1.133519750695987
502	502	4.75685571610533
503	503	1.4506876902485808
504	504	1.4410055349315547
505	505	0.880162573659676
506	506	5.047249322467151
507	507	1.1315583678763275
508	508	0.3401337186619936
509	509	0.3731239815181332
510	510	5.015379762935058
511	511	4.136455338747959
512	512	7.466918855187314
513	513	1.8076135022926367
514	514	2.8461012962703682
515	515	2.81737151156157
516	516	1.9677538111969646
517	517	9.569244772183634
518	518	1.9808254584269502
519	519	0.2906514259473682
520	520	0.36414774918621273
521	521	2.4529393052579422
522	522	0.486517724624669
523	523	4.763554289914982
524	524	1.086421628137506
525	525	3.7701108633168645
526	526	1.0214586093376918
527	527	0.6726791236564886
528	528	3.412271779531784
529	529	2.2783739315507168
530	530	0.22012352843560673
531	531	2.1501561296798983
532	532	2.3683740692536404
533	533	0.7847300953952553
534	534	1.711583439650402
535	535	0.5395310543990522
536	536	2.8980306390283848
537	537	2.0054522308525744
538	538	0.3721532014237258
539	539	2.7539733857466113
540	540	3.659124434744063
541	541	1.2194934965292101
542	542	1.4299226624200587
543	543	3.3308463800795467
544	544	0.18682450263489941
545	545	2.9892113188152862
546	546	9.469645407123368
547	547	0.8191934282334297
548	548	10.148131717728344
549	549	2.0180505052027167
550	550	3.5446464024879027
551	551	0.20488416403860626
552	552	1.2017905594405667
553	553	0.35082713410981425
554	554	0.7740376901603551
555	555	0.14404442582424123
556	556	4.682531206831267
557	557	1.448075658058049
558	558	2.382115118692429
559	559	1.2092246236283337
560	560	6.805800062800843
561	561	0.22720001210570473
562	562	1.7094180661902643
563	563	2.6980344587875265
564	564	1.2975473391001646
565	565	1.5680578147753255
566	566	7.46267506940898
567	567	0.293211787891817
568	568	1.0357940152740486
569	569	0.9095160043778706
570	570	0.7115815652089078
571	571	0.4581289497377853
572	572	0.9951010179797173
573	573	3.267604801133703
574	574	0.6971396981592405
575	575	0.6107646866035177
576	576	2.42093913016874
577	577	2.131703708066408
578	578	1.3236437369441858
579	579	10.437103996579342
580	580	1.1955496223036666
581	581	0.8380965300834403
582	582	2.211142153193218
583	583	2.5975273175285594
584	584	0.48405670327382994
585	585	3.5489182544924414
586	586	1.7060541307434949
587	587	1.2130905331563044
588	588	0.6262590870296441
589	589	2.012074728549288
590	590	1.0710957254697209
591	591	0.8172920074628167
592	592	0.20166207071333203
593	593	0.06407079645118119
594	594	1.364679991663679
595	595	0.9380356042009672
596	596	2.882858283044144
597	597	1.1780968766870916
598	598	0.8275267702722315
599	599	1.9622514256280728
600	600	1.4496302962041203
601	601	0.09394716006828473
602	602	1.7673929067976388
603	603	4.9121934231459665
604	604	1.332309355101545
605	605	3.371529511079498
606	606	1.0836566478260679
607	607	0.32708301461110983
608	608	3.3139472909262966
609	609	0.06972421221920402
610	610	3.7272666968921673
611	611	2.01372344446026
612	612	1.3285775561739988
613	613	0.6801113055835628
614	614	1.9182997019186314
615	615	0.7956206605445408
616	616	1.54550431470573
617	617	4.050379939360801
618	618	1.7251787190530596
619	619	2.801399432323867
620	620	0.00620095904924574
621	621	1.0077923326019553
622	622	0.301617704576634
623	623	2.2070480453701644
624	624	2.6816062901476188
625	625	1.3001232739056068
626	626	0.898590037312763
627	627	0.3620514869148437
628	628	1.8235733461428933
629	629	1.4984450119611077
630	630	5.188323267345736
631	631	5.156699799768541
632	632	2.408285203151817
633	633	1.0439389843441649
634	634	0.3827184532853637
635	635	0.19091141645681542
636	636	0.8957768653829435
637	637	2.2015252982435927
638	638	0.0008629687427842089
639	639	0.868905352549157
640	640	2.1550515421122216
641	641	0.6979842803405059
642	642	5.297434545789524
643	643	0.04308546749273979
644	644	2.903260137477144
645	645	1.8061780396710456
646	646	2.4135239852028367
647	647	3.6775039944740713
648	648	0.6753681895017635
649	649	0.794696588344019
650	650	2.161952784038228
651	651	0.7187864612629263
652	652	4.141617864147393
653	653	1.0694527265667124
654	654	1.3891748412862088
655	655	1.930887981772161
656	656	4.78841827673441
657	657	1.6492098004519198
658	658	1.700040514109958
659	659	1.240157509684763
660	660	2.474459759375601
661	661	0.516555579727945
662	662	4.400041560799585
663	663	0.15288595492354293
664	664	1.7863273990129447
665	665	4.4133743560955425
666	666	0.7449228176336208
667	667	3.4472773326956303
668	668	5.6067318228613985
669	669	0.4760927602721256
670	670	1.0371976319349434
671	671	5.727787702768463
672	672	2.444017036146186
673	673	1.8710772989583022
674	674	3.763146314744738
675	675	1.2306921678915972
676	676	1.3046371263179395
677	677	2.8672996308639407
678	678	0.6880963146031095
679	679	0.9941126128768532
680	680	0.7971744499118436
681	681	1.872829594533367
682	682	2.4850951091529123
683	683	0.5515029005245529
684	684	1.4103336129222397
685	685	7.286364868465388
686	686	1.0392406101111362
687	687	4.245771718007967
688	688	0.28569853183177996
689	689	0.579870417988263
690	690	4.448699006389585
691	691	1.1269080792658022
692	692	0.7315293754955087
693	693	1.3673836799113526
694	694	0.616305751258119
695	695	1.5065480762596901
696	696	1.8738244338144083
697	697	5.418143064624706
698	698	1.9222741745335281
699	699	1.328942819182506
700	700	0.4140957561413
701	701	7.2635857160359345
702	702	0.9088189791835872
703	703	0.0998357483877992
704	704	0.09038373644194864
705	705	7.405053001912774
706	706	3.3517623392846545
707	707	4.419793567279617
708	708	3.4269220812739962
709	709	6.374838891427934
710	710	1.6297082281996498
711	711	0.5105986408081374
712	712	1.2136621633742
713	713	2.5162748218408564
714	714	6.440668851262332
715	715	0.017116985952080173
716	716	3.158562882680584
717	717	3.5707831206718343
718	718	1.5682129214077085
719	719	0.8122682151056922
720	720	0.12468062885647124
721	721	4.053462807296097
722	722	0.5020034804107839
723	723	0.4297248956067244
724	724	1.4643992961452954
725	725	3.1382576089243805
726	726	2.7854884749498026
727	727	2.24813404763488
728	728	2.036970548709915
729	729	5.850492390393399
730	730	6.140892231842661
731	731	0.06983450112659968
732	732	1.0831983163157324
733	733	1.215844793080833
734	734	2.7910330609754834
735	735	0.21183140993403868
736	736	2.314976534983179
737	737	0.8439502995239029
738	738	1.3980379025043879
739	739	0.002635828493925285
740	740	0.05212947890291525
741	741	3.6336707411048947
742	742	1.1799353625310713
743	743	6.951850227814649
744	744	3.618085510939124
745	745	0.3614503310079728
746	746	0.03766923496402205
747	747	8.444240110051604
748	748	0.4562744036197128
749	749	3.404469499362872
750	750	1.6666671215525557
751	751	0.13587548439391783
752	752	0.3209648564235862
753	753	3.035219812454251
754	754	0.053174953508735405
755	755	0.8048067467930571
756	756	0.6788434047764059
757	757	2.6097646937736023
758	758	3.4914498514481367
759	759	2.885771309019407
760	760	1.0496313628092375
761	761	0.4503646065898628
762	762	0.07082612447829947
763	763	1.0739575967223414
764	764	1.057594131638846
765	765	0.9919337287832508
766	766	1.2380555995423976
767	767	4.279341451836601
768	768	0.1063456942842362
769	769	1.9445869217341842
770	770	0.051830489702273
771	771	1.3982413077017146
772	772	2.585564632675146
773	773	6.285580622032096
774	774	5.873434815433917
775	775	0.7127558875235667
776	776	0.5039427257647571
777	777	0.0592050571072102
778	778	11.04283133295246
779	779	0.7678017323654437
780	780	0.4431992196066361
781	781	7.455412565622506
782	782	0.2302431072389914
783	783	6.614903472261989
784	784	9.838508046887585
785	785	5.33498984374946
786	786	1.9159369963252972
787	787	1.8630178835663
788	788	1.0718490872443338
789	789	5.276669994203274
790	790	0.2184213091431208
791	791	0.7722209897119559
792	792	1.2800803862192647
793	793	1.4775930760704092
794	794	3.7122614897212203
795	795	0.9234613616388829
796	796	0.4744856324796089
797	797	2.8185408856387157
798	798	0.08329110517061514
799	799	0.30670269177719095
800	800	4.526909653642503
801	801	0.057741252793464544
802	802	3.637480057192809
803	803	1.2414536192267478
804	804	2.567562930407344
805	805	2.350765995339367
806	806	1.1085370865608821
807	807	1.2257981881833664
808	808	1.9374344556401735
809	809	1.093142762254636
810	810	4.278355711527754
811	811	2.7450338043935
812	812	0.7810285540108887
813	813	1.5038707324307543
814	814	0.8342969728192444
815	815	2.710574545406996
816	816	0.77197682265174
817	817	6.848529755223507
818	818	1.3512117409914333
819	819	4.652077335735782
820	820	1.6356241445580861
821	821	2.7677205550795514
822	822	5.271201908037181
823	823	0.16840728065381153
824	824	3.8764541191194546
825	825	2.5512140062735105
826	826	0.9701895332902772
827	827	3.1544508102117175
828	828	0.6547327336981117
829	829	1.9059868004053382
830	830	0.5671564884719076
831	831	0.17140407678773195
832	832	1.33344362943957
833	833	1.345551616312293
834	834	2.297383249447296
835	835	0.908405433196859
836	836	0.4288780951672704
837	837	2.826918099318934
838	838	4.111376646653551
839	839	0.16212886175256386
840	840	0.31464188265978343
841	841	0.039098531552667515
842	842	1.0307806157178108
843	843	0.5576571435070283
844	844	0.04747855120237416
845	845	3.6984540988083463
846	846	2.5994343056676734
847	847	2.7323995398618037
848	848	0.5326924969756857
849	849	1.3160267755747932
850	850	1.3313458802393532
851	851	0.5238573660173552
852	852	0.9813584229832705
853	853	4.587731495282165
854	854	4.310448368643606
855	855	0.2317834295345598
856	856	0.27239346213643395
857	857	2.7445728005955954
858	858	2.55424190475215
859	859	3.3798023050496036
860	860	3.336235738002422
861	861	0.832319727495037
862	862	1.8560044599621828
863	863	2.4569128687535167
864	864	3.4277175247648075
865	865	1.0587358406509129
866	866	0.5124091617841531
867	867	2.0740791617981156
868	868	0.0002753922408168966
869	869	0.571303032808476
870	870	1.5493532340703815
871	871	0.779650703163739
872	872	0.9574546499090781
873	873	0.7201693536614565
874	874	2.125383933977832
875	875	2.8291056167606006
876	876	4.283297740864968
877	877	0.904280383593536
878	878	1.2232018462118883
879	879	0.1565341551746972
880	880	2.1376968721771155
881	881	1.388294035624061
882	882	1.248519185586487
883	883	1.8091978024100763
884	884	1.255434784444141
885	885	3.4223509959436815
886	886	7.311598867687114
887	887	0.473908321041009
888	888	0.9690215084664522
889	889	2.034238028060915
890	890	2.210230509666303
891	891	6.745797148714397
892	892	1.6577317751457914
893	893	2.381232269836593
894	894	1.013300315673083
895	895	5.866885194879581
896	896	1.5618937306940686
897	897	1.9907376124437495
898	898	0.21199113519371507
899	899	2.4101326800884637
900	900	1.2769787329987314
901	901	3.2490268866331613
902	902	1.2887186174642091
903	903	3.061140145192159
904	904	1.5400159811811907
905	905	4.402333886229384
906	906	2.8286774722186836
907	907	2.4793728921933487
908	908	1.3717063693722749
909	909	0.39314998209983715
910	910	0.5668720747246667
911	911	2.273528368499366
912	912	1.4817623479003974
913	913	0.28600346140460314
914	914	1.1946521987191043
915	915	3.9400930969389836
916	916	2.2628948109485547
917	917	1.986044782902037
918	918	2.915567898650799
919	919	0.828237821172249
920	920	1.4692964567611835
921	921	0.3995276057238822
922	922	0.932712894944399
923	923	0.5406158011890128
924	924	0.7250577525698261
925	925	0.2254679057519445
926	926	0.2908041115697925
927	927	1.9230383823413535
928	928	0.27249195788587327
929	929	1.1050583628136779
930	930	1.4468087585912888
931	931	0.5987706001861272
932	932	1.6173774882137657
933	933	1.8051643351670517
934	934	1.4918063128564976
935	935	0.5517144946604435
936	936	2.0098696890237857
937	937	1.5559052058752827
938	938	0.05074902119928461
939	939	1.2530519603040382
940	940	5.216680839456233
941	941	0.3136659004148969
942	942	3.753645422585851
943	943	0.05928002232001387
944	944	1.7217780629105301
945	945	2.35111233832602
946	946	2.9084713609364488
947	947	10.488727754455105
948	948	2.444760932288774
949	949	1.1399803592693762
950	950	2.9835858267324986
951	951	3.146779098384623
952	952	3.1132783543324
953	953	0.37207012559714786
954	954	1.7386200790144735
955	955	1.6746376639073992
956	956	3.2834726623774246
957	957	0.5102626230861642
958	958	4.486136723699906
959	959	0.7877716070003645
960	960	3.0193622050119737
961	961	1.0548376420539425
962	962	1.1371401788029996
963	963	0.6340602226395305
964	964	3.9968403965050654
965	965	7.596925108453375
966	966	4.1879594995478575
967	967	0.9018388406472467
968	968	3.114192594013995
969	969	2.8890857794904456
970	970	1.9777709834803994
971	971	4.101186827667935
972	972	0.13777967400979457
973	973	6.019527392849451
974	974	1.8900284152608893
975	975	1.3490995384171982
976	976	0.5258025690797498
977	977	4.218154037663815
978	978	1.3308274211410687
979	979	0.4970005187205526
980	980	2.2729895131840796
981	981	0.5828735251554956
982	982	1.6735955647161158
983	983	4.362703405644236
984	984	0.5679776661927917
985	985	0.48357381161146623
986	986	5.811885222127212
987	987	2.3408475811676603
988	988	1.0210035124045969
989	989	1.4635300020706123
990	990	0.7695139661360021
991	991	2.3755514577784917
992	992	0.7220318779810301
993	993	2.402383554875912
994	994	0.010572509687233415
995	995	2.5137178692524857
996	996	2.3562361815537867
997	997	0.755225598650785
998	998	0.03603877947600838
999	999	0.5556950810140878
1000	1000	9.580472443151436
1001	1001	2.0107067671886147
1002	1002	3.37249746356763
1003	1003	3.2613024665953976
1004	1004	1.1777085553580477
1005	1005	1.2967095952493997
1006	1006	1.0599695391823818
1007	1007	1.1825479313256444
1008	1008	2.477445917191212
1009	1009	4.560009879643879
1010	1010	2.26423321450451
1011	1011	5.22061912171731
1012	1012	2.958367036556076
1013	1013	0.2957094820578131
1014	1014	7.909228193955106
1015	1015	1.7074537020810796
1016	1016	1.2044357607424818
1017	1017	0.9383192773053158
1018	1018	0.12535954274235322
1019	1019	0.9275026642360042
1020	1020	1.4206633077084623
1021	1021	0.6366094676673327
1022	1022	5.456754505433108
1023	1023	0.7868986919737305
1024	1024	1.9496063567935005
1025	1025	5.170110083475906
1026	1026	0.19679782661146217
1027	1027	0.057716921645327005
1028	1028	0.8219553781177548
1029	1029	0.6540599785361886
1030	1030	0.007018287180643165
1031	1031	0.48212644862264403
1032	1032	1.105232075794974
1033	1033	2.8849986218375303
1034	1034	1.1008234570508004
1035	1035	0.07840119639334735
1036	1036	0.28496720105387346
1037	1037	0.06955095333352174
1038	1038	0.11498346718467634
1039	1039	4.868671718966864
1040	1040	0.7851921419755086
1041	1041	0.36168592879646844
1042	1042	0.3261581633027741
1043	1043	0.29975281367818546
1044	1044	2.4609307302601806
1045	1045	0.5691922123751492
1046	1046	4.886727433906014
1047	1047	0.3186069261803122
1048	1048	3.59868286585643
1049	1049	0.23049475630685518
1050	1050	0.37519780588618384
1051	1051	0.3161770858502477
1052	1052	3.350283731137102
1053	1053	0.863575717820113
1054	1054	1.5677765957859322
1055	1055	4.719889719904868
1056	1056	4.621772794241993
1057	1057	2.454282495575583
1058	1058	0.24083656754336466
1059	1059	3.7861319207643813
1060	1060	4.581684154671225
1061	1061	1.5352390790210324
1062	1062	1.7918416827254335
1063	1063	0.360688532620002
1064	1064	1.2219743499497653
1065	1065	0.3788744976809351
1066	1066	2.0948330017735377
1067	1067	0.14990545899492655
1068	1068	0.15003954149232843
1069	1069	3.0311825719453838
1070	1070	0.21035145129319952
1071	1071	3.7761951874579966
1072	1072	0.36407511597189
1073	1073	4.508945365503633
1074	1074	1.5616896313122317
1075	1075	2.2526065891175713
1076	1076	1.1156370152387418
1077	1077	2.219820790424368
1078	1078	1.726810809764715
1079	1079	1.6073437343755104
1080	1080	4.798929257405696
1081	1081	0.5272814659260538
1082	1082	1.824606845466327
1083	1083	2.410432355884592
1084	1084	0.6773465191942557
1085	1085	3.3918019255424685
1086	1086	5.323881883998169
1087	1087	0.3078760862023563
1088	1088	1.437356198779607
1089	1089	0.45480054183580854
1090	1090	0.31323204033277147
1091	1091	0.1625510886844912
1092	1092	2.5545933136322385
1093	1093	0.6168155004081382
1094	1094	0.14782288509647698
1095	1095	4.558609099652087
1096	1096	0.2360131325829729
1097	1097	1.3014121104115202
1098	1098	0.11151967844670053
1099	1099	4.656049645980459
1100	1100	2.2290856929989697
1101	1101	0.6882248488005823
1102	1102	1.1954524388468872
1103	1103	4.108332737456774
1104	1104	1.8210541243045553
1105	1105	1.792129410286963
1106	1106	3.64168349458531
1107	1107	1.2393505288543185
1108	1108	4.509719160060241
1109	1109	2.4696818158811285
1110	1110	7.912495331208216
1111	1111	0.6580476186668937
1112	1112	2.1480605973387057
1113	1113	1.2127756699551293
1114	1114	1.3788413680198222
1115	1115	4.632891031839652
1116	1116	9.036276520114294
1117	1117	4.141519186301465
1118	1118	0.2660717984246519
1119	1119	2.721969295832864
1120	1120	2.026678586319027
1121	1121	3.5379386357770635
1122	1122	0.06835287125270299
1123	1123	0.9379502658580976
1124	1124	0.89132862128327
1125	1125	0.4862068724854848
1126	1126	0.013851137232079322
1127	1127	1.7393714804853708
1128	1128	0.2864568726402868
1129	1129	2.5772290824308532
1130	1130	4.852802921791645
1131	1131	3.0812898944078246
1132	1132	0.732594577979411
1133	1133	4.4603446663018405
1134	1134	2.646532951497679
1135	1135	0.7244746474440789
1136	1136	3.0378030304203145
1137	1137	3.3070294346945204
1138	1138	2.2612426675499586
1139	1139	0.29774087733777366
1140	1140	3.096672074943996
1141	1141	1.2802111408535235
1142	1142	1.0590574470313674
1143	1143	0.7192194571497709
1144	1144	1.8735777046670545
1145	1145	0.09704680521233884
1146	1146	0.563752969234908
1147	1147	0.5570153951824832
1148	1148	3.9991996091022353
1149	1149	6.2557300534937745
1150	1150	1.0612655267257571
1151	1151	0.3478162735106524
1152	1152	0.038815070529316376
1153	1153	2.141060832420821
1154	1154	0.6778370771776423
1155	1155	1.482636719171225
1156	1156	1.5789310550995628
1157	1157	0.7006262915250466
1158	1158	4.9626675014371235
1159	1159	0.042671558511869816
1160	1160	3.7175081158595553
1161	1161	0.15975725353862727
1162	1162	3.8624695943678566
1163	1163	9.231794944083529
1164	1164	0.438495990692527
1165	1165	0.5860263982438662
1166	1166	5.4669912143183
1167	1167	2.396025612021749
1168	1168	2.691555275867272
1169	1169	0.6425917018249687
1170	1170	0.5695115246440083
1171	1171	3.692239523252555
1172	1172	1.9507605811580602
1173	1173	0.2364972759914058
1174	1174	10.49797037565024
1175	1175	0.43231770874410635
1176	1176	2.947585761800896
1177	1177	3.723387350769151
1178	1178	1.9366885283441424
1179	1179	0.8856421290680101
1180	1180	2.2827706972981523
1181	1181	1.7892247533265053
1182	1182	2.7126480667440442
1183	1183	2.5131782064078183
1184	1184	0.005479353475728294
1185	1185	3.7770345025848284
1186	1186	0.14706339927792014
1187	1187	0.13182576252484632
1188	1188	1.6477819174693635
1189	1189	2.3104451149549132
1190	1190	2.040169649544921
1191	1191	1.6038495114206506
1192	1192	1.2536688566211738
1193	1193	2.963544232672177
1194	1194	0.571450046627832
1195	1195	2.8327650463506844
1196	1196	0.034432740444649106
1197	1197	4.149414731507706
1198	1198	9.128382419542348
1199	1199	1.1867034766770508
1200	1200	1.0763587824359517
1201	1201	1.2768495773614914
1202	1202	0.9566507520960648
1203	1203	1.7663250227604401
1204	1204	0.32985793968479127
1205	1205	0.7958256420497859
1206	1206	1.7746374383636214
1207	1207	0.8988565653692
1208	1208	1.711478111565148
1209	1209	3.8864980825989033
1210	1210	0.7556220007388093
1211	1211	0.79813393826188
1212	1212	0.22147845219144352
1213	1213	5.081574185946381
1214	1214	0.9937263761001446
1215	1215	0.19830378369875204
1216	1216	5.687067266381839
1217	1217	0.047224445697491776
1218	1218	4.779355884386418
1219	1219	4.45532519766824
1220	1220	0.829737188165869
1221	1221	1.3362684105575995
1222	1222	0.483719136115546
1223	1223	0.879024629169373
1224	1224	0.042627317539238804
1225	1225	0.6894818064465663
1226	1226	5.7235686041497384
1227	1227	1.134072467247661
1228	1228	0.3706207062599183
1229	1229	3.216323851392694
1230	1230	2.498777354842819
1231	1231	0.78736427136533
1232	1232	0.7007572744442625
1233	1233	1.1315676257166862
1234	1234	7.5180891685765605
1235	1235	1.6020253331454786
1236	1236	5.667970833389604
1237	1237	0.26873137372569894
1238	1238	11.821602757532824
1239	1239	3.274116247504529
1240	1240	0.0376292916475265
1241	1241	0.7585746424548607
1242	1242	1.07450945436867
1243	1243	4.822023453428848
1244	1244	1.2278110634531525
1245	1245	3.5003633323950294
1246	1246	1.0529124482932608
1247	1247	0.11180662685021957
1248	1248	3.2083534972743153
1249	1249	2.4982991343956846
1250	1250	1.0678888113111202
1251	1251	0.7075581950087655
1252	1252	0.2614481001017224
1253	1253	1.6741513879261258
1254	1254	0.06979422895446263
1255	1255	1.5044372287181313
1256	1256	0.9035449102147278
1257	1257	0.060208667095679444
1258	1258	3.1557083035625064
1259	1259	1.8805735470230187
1260	1260	0.0325944572266509
1261	1261	4.795291375052782
1262	1262	0.6030370818311067
1263	1263	0.1315205485699378
1264	1264	2.2107872326420828
1265	1265	5.047899275395639
1266	1266	0.9472211257192389
1267	1267	4.7292963629478715
1268	1268	0.04581662726134203
1269	1269	0.2166763857509069
1270	1270	0.14615069421589943
1271	1271	5.954275526985754
1272	1272	6.338510957689042
1273	1273	0.8678508900626228
1274	1274	1.46370578094308
1275	1275	0.876349349511026
1276	1276	1.4157219788755644
1277	1277	1.034353266723625
1278	1278	3.97198669814668
1279	1279	1.3598567999347546
1280	1280	2.277875713078889
1281	1281	0.14688842101542138
1282	1282	0.8915204994426522
1283	1283	0.621755581147182
1284	1284	1.1281388617987458
1285	1285	1.0634538957296698
1286	1286	2.0313534849592845
1287	1287	2.5592713777945364
1288	1288	4.6158596958957245
1289	1289	0.14139882823742492
1290	1290	2.844249262790405
1291	1291	6.264360877736786
1292	1292	0.02592415387217583
1293	1293	0.15186840852309508
1294	1294	1.8599934617460445
1295	1295	0.1963744094600449
1296	1296	1.7616147069583543
1297	1297	0.36009227358162554
1298	1298	2.5032271907199917
1299	1299	1.938439114838318
1300	1300	1.6605056396549047
1301	1301	2.817491985102497
1302	1302	0.6090720782540604
1303	1303	8.361129595816145
1304	1304	0.5602950463695571
1305	1305	6.828622651836495
1306	1306	1.7079086264009429
1307	1307	1.2462923789021907
1308	1308	0.053338431428077475
1309	1309	1.4712807071951444
1310	1310	1.5451619933655878
1311	1311	1.9151417082472995
1312	1312	1.2468175758240068
1313	1313	0.7987933435623367
1314	1314	3.151010219630295
1315	1315	0.48992558545960335
1316	1316	0.715348115487519
1317	1317	2.402548052455626
1318	1318	1.0592185756138361
1319	1319	2.8801112907646007
1320	1320	3.6886256948458893
1321	1321	3.2029964977947207
1322	1322	4.853596326508561
1323	1323	0.5255284596950285
1324	1324	0.4906881920158565
1325	1325	2.037432951088167
1326	1326	1.0181313552395364
1327	1327	0.788111375594762
1328	1328	3.75399118037984
1329	1329	0.992759767154835
1330	1330	0.16719942260325074
1331	1331	0.8834539280490437
1332	1332	0.03507000776781502
1333	1333	3.9140695507278487
1334	1334	3.957117947646282
1335	1335	0.7456738106193835
1336	1336	4.50612054082235
1337	1337	1.3620012449766832
1338	1338	3.7539306076497914
1339	1339	3.368140788771667
1340	1340	2.172876361585698
1341	1341	3.410702049010709
1342	1342	3.4337778141163393
1343	1343	0.7901199273886254
1344	1344	2.3251241817649753
1345	1345	0.7671307879117683
1346	1346	3.1556102718252537
1347	1347	0.38670856187882385
1348	1348	0.926394542927396
1349	1349	0.4517299844582625
1350	1350	1.5109186240442891
1351	1351	1.0519375113784584
1352	1352	1.0297452971798309
1353	1353	0.7847105823284873
1354	1354	2.5153117831578915
1355	1355	0.526554891113743
1356	1356	1.0636660202729202
1357	1357	2.9910370811162963
1358	1358	0.2892806941809367
1359	1359	0.21718676224150807
1360	1360	1.083073765599567
1361	1361	2.725147378453686
1362	1362	0.9137449568691207
1363	1363	3.34424610461291
1364	1364	0.4822489712664325
1365	1365	1.2375604983351036
1366	1366	0.3266498018136391
1367	1367	0.9991884757284781
1368	1368	0.4867932102286563
1369	1369	0.2592645570905223
1370	1370	1.6997542342767649
1371	1371	1.8106779167066287
1372	1372	4.458478605843163
1373	1373	1.1750325572713876
1374	1374	7.768136452565623
1375	1375	2.5977723520641187
1376	1376	0.43974548149743553
1377	1377	2.5906252430943786
1378	1378	0.06414808218324361
1379	1379	2.7856749554726656
1380	1380	1.684768532090427
1381	1381	1.2777856314033833
1382	1382	0.6696277807289422
1383	1383	0.11549814110113947
1384	1384	1.3239747509502913
1385	1385	1.1987438929906222
1386	1386	3.9403960818385912
1387	1387	3.8833900075598984
1388	1388	1.104826056997326
1389	1389	2.9201422175072835
1390	1390	0.9390406667788761
1391	1391	0.2302161048097203
1392	1392	1.909759703221632
1393	1393	2.1584531381674386
1394	1394	1.5156445435718324
1395	1395	3.602728016478108
1396	1396	1.2665082748006098
1397	1397	0.05046548605298127
1398	1398	0.9727454681605271
1399	1399	2.2594090582106943
1400	1400	3.253806299066712
1401	1401	1.0606498764945351
1402	1402	0.23577510330128335
1403	1403	0.6955572900782656
1404	1404	0.5549756202189406
1405	1405	0.7338753410192637
1406	1406	0.4106707649108522
1407	1407	2.223271864917172
1408	1408	1.7054623440842727
1409	1409	1.265525850076173
1410	1410	0.449751873783968
1411	1411	3.337233027162197
1412	1412	1.1297129551664862
1413	1413	1.362667920852803
1414	1414	0.7981384596920399
1415	1415	2.4092490279719
1416	1416	3.3470893640601638
1417	1417	3.2225825803348567
1418	1418	0.8498312200638688
1419	1419	1.1898116943598478
1420	1420	1.9369407542291517
1421	1421	8.951553775855563
1422	1422	3.644030787467072
1423	1423	2.755658697398716
1424	1424	5.1185054969143335
1425	1425	0.9794959599001414
1426	1426	1.3189053700606204
1427	1427	1.4971801125620392
1428	1428	1.227449964167141
1429	1429	3.191935438923082
1430	1430	0.5179254057427843
1431	1431	0.19194786641604433
1432	1432	2.555252654209913
1433	1433	0.4801121321003674
1434	1434	2.377195314352303
1435	1435	0.28266278183395366
1436	1436	1.2294614241601878
1437	1437	1.538349885468914
1438	1438	0.6724248116822175
1439	1439	0.5416709928760235
1440	1440	2.0708461301399206
1441	1441	0.7436840765713852
1442	1442	0.07127224123283041
1443	1443	8.280310925132426
1444	1444	3.0969954822729013
1445	1445	2.0973824598565387
1446	1446	0.5558832305235355
1447	1447	0.5160171629068823
1448	1448	0.07840971096155591
1449	1449	0.7366137858937283
1450	1450	0.6910611487296155
1451	1451	0.5185152181966048
1452	1452	3.4935877589288067
1453	1453	1.1038932926065477
1454	1454	1.7647059483581093
1455	1455	1.7692305360065166
1456	1456	2.1263287394387773
1457	1457	0.10079471379647997
1458	1458	2.245414502750719
1459	1459	0.11311509986276089
1460	1460	1.2940006306912148
1461	1461	1.1576378277385109
1462	1462	2.653651135246624
1463	1463	6.53961645927661
1464	1464	1.7478660621783841
1465	1465	0.47427456009012203
1466	1466	0.48864210178567186
1467	1467	1.157793957674243
1468	1468	5.363814186298634
1469	1469	0.06444472422734791
1470	1470	1.3149458731657613
1471	1471	2.8050387727339934
1472	1472	2.471724992223476
1473	1473	2.1866287218330496
1474	1474	1.7787089032629173
1475	1475	2.600399390013138
1476	1476	0.3735954482537609
1477	1477	0.8413687772244047
1478	1478	1.1533761508248113
1479	1479	1.4097386972423778
1480	1480	1.3485078131836992
1481	1481	2.8702276534036573
1482	1482	1.0912066997431984
1483	1483	5.091438279936565
1484	1484	7.350316027755334
1485	1485	1.2260064772229877
1486	1486	0.875210958384862
1487	1487	2.5243721151896548
1488	1488	0.14215604205486213
1489	1489	3.3084087170749035
1490	1490	1.3912714350456714
1491	1491	0.4508683393019094
1492	1492	0.34126157813698066
1493	1493	3.2864836212760102
1494	1494	2.179681965221095
1495	1495	0.19457991175356526
1496	1496	1.2482175445691104
1497	1497	0.5358100583003857
1498	1498	0.35399581631292754
1499	1499	0.2611965418620231
1500	1500	0.27167997436432567
1501	1501	1.6882224149639058
1502	1502	1.1515814453014233
1503	1503	6.914408826703825
1504	1504	1.9012412256678122
1505	1505	2.7691206476817594
1506	1506	3.0173175884958097
1507	1507	1.1157284822449662
1508	1508	2.3427726867323737
1509	1509	0.24315150288653392
1510	1510	0.4502410286038535
1511	1511	0.9888597436440554
1512	1512	1.0713686188411786
1513	1513	2.730877384129152
1514	1514	3.647615855841163
1515	1515	4.520701194107881
1516	1516	0.8964144982902993
1517	1517	0.4072073243110926
1518	1518	0.1925904097969265
1519	1519	0.12038929268818227
1520	1520	0.07141257477833908
1521	1521	2.255278654861604
1522	1522	5.320806021545919
1523	1523	2.85475038741942
1524	1524	4.958200699418495
1525	1525	5.234047120010066
1526	1526	5.883890391326751
1527	1527	0.5849859570671391
1528	1528	0.4365159856838655
1529	1529	0.29838744223998165
1530	1530	0.40977912793218185
1531	1531	0.21377258709981634
1532	1532	2.7283527258276354
1533	1533	1.4355575617904974
1534	1534	1.9561065863682865
1535	1535	1.888059702075438
1536	1536	0.5632425450323277
1537	1537	2.306246544522918
1538	1538	5.213880501973428
1539	1539	0.21246419047922058
1540	1540	0.8684770904733241
1541	1541	2.6295063086397996
1542	1542	4.285830493969707
1543	1543	0.10903069155320269
1544	1544	1.048904408886911
1545	1545	4.632218859727149
1546	1546	0.6488454828936311
1547	1547	2.414106476084344
1548	1548	5.326818276351721
1549	1549	0.4178319598948489
1550	1550	4.431687035865778
1551	1551	3.1108965614652635
1552	1552	0.6297661678104642
1553	1553	0.011832707056194384
1554	1554	6.943419792109841
1555	1555	5.373194768508937
1556	1556	6.215660017207077
1557	1557	0.8043411983448503
1558	1558	3.0692214968026343
1559	1559	0.1408120117294247
1560	1560	0.47533705684528244
1561	1561	0.13881262600870797
1562	1562	0.1512917396378534
1563	1563	4.339350150840765
1564	1564	0.12921283330952604
1565	1565	2.240123555247799
1566	1566	2.1346895386137534
1567	1567	2.527500500891064
1568	1568	0.9011857301450553
1569	1569	0.6616732831089752
1570	1570	2.53816193220979
1571	1571	1.1239272901726558
1572	1572	5.04238348884627
1573	1573	4.202826071784244
1574	1574	0.6143514287727408
1575	1575	3.119078458102375
1576	1576	0.783565655561043
1577	1577	1.779625852696758
1578	1578	0.17170911204475273
1579	1579	1.0533588813340111
1580	1580	1.3803604142683337
1581	1581	0.05350043289340684
1582	1582	3.108057764561012
1583	1583	0.4752475195788182
1584	1584	0.38287940366232426
1585	1585	1.9149757373957075
1586	1586	9.031016047693326
1587	1587	1.3462194724489378
1588	1588	0.22111049191898885
1589	1589	0.7514654169966103
1590	1590	0.3255873846327433
1591	1591	3.5958659700769116
1592	1592	5.386306834138955
1593	1593	0.7320110622917964
1594	1594	0.36847144925602215
1595	1595	0.9512416904363021
1596	1596	2.112000464143201
1597	1597	2.709077833528593
1598	1598	0.7047728675154696
1599	1599	1.6367239233506206
1600	1600	1.0907399157013118
1601	1601	2.799465915603698
1602	1602	0.8526911294897995
1603	1603	2.700466453419173
1604	1604	0.03518454180882785
1605	1605	0.753910536088119
1606	1606	1.4170471560266562
1607	1607	5.464603110848007
1608	1608	2.6307951108113548
1609	1609	0.5917665647406296
1610	1610	0.011512281028057417
1611	1611	0.49671514885190143
1612	1612	2.890241430614642
1613	1613	0.1423085418383069
1614	1614	0.8827310162547264
1615	1615	4.36370726108628
1616	1616	2.0486457679845493
1617	1617	0.7118465188051238
1618	1618	0.5118707877244999
1619	1619	0.24396012176447968
1620	1620	0.08880770131450869
1621	1621	3.6750985335987196
1622	1622	1.9505952086303378
1623	1623	0.6104584161372529
1624	1624	0.7481636426166677
1625	1625	2.7496541928694334
1626	1626	3.1503000058866673
1627	1627	2.575450377514201
1628	1628	0.6714044786266309
1629	1629	2.1881992766732794
1630	1630	7.842031038246607
1631	1631	2.3834126473876784
1632	1632	0.4853818811680861
1633	1633	3.8584868697054633
1634	1634	0.38760896569372033
1635	1635	1.4145245041143064
1636	1636	2.9195570130082538
1637	1637	2.611882279025574
1638	1638	0.607288945412556
1639	1639	1.0092676716309097
1640	1640	2.288901144148653
1641	1641	2.722788590521135
1642	1642	0.35919698316669685
1643	1643	0.028688304504719826
1644	1644	3.3841881290971707
1645	1645	0.428288932902785
1646	1646	0.4076393278741626
1647	1647	4.545273089920853
1648	1648	0.8183856119604267
1649	1649	1.9567334360896513
1650	1650	0.2536580257240151
1651	1651	0.7668151311691236
1652	1652	1.2017792393675746
1653	1653	1.122525311925677
1654	1654	0.5232585305399742
1655	1655	0.030486553022036695
1656	1656	0.6368019808002285
1657	1657	7.092770555307617
1658	1658	4.059814454408399
1659	1659	0.768255823144201
1660	1660	0.4289612478881757
1661	1661	5.376449085949367
1662	1662	0.30821259840043547
1663	1663	0.03669042204258472
1664	1664	0.22196265795694292
1665	1665	0.6603602328843003
1666	1666	0.6281218968187281
1667	1667	3.0015001482854156
1668	1668	3.6601904962544163
1669	1669	3.32218955658203
1670	1670	1.844651693962053
1671	1671	5.7147689065673415
1672	1672	2.346062279118575
1673	1673	1.2590218383031042
1674	1674	0.7480556208268528
1675	1675	0.26453830877026435
1676	1676	2.351799975692957
1677	1677	2.266090431014077
1678	1678	1.744132818164062
1679	1679	3.564784441896989
1680	1680	2.6342318515244996
1681	1681	1.1406683391367574
1682	1682	0.48670613936828766
1683	1683	0.29202275948090683
1684	1684	1.9589655555357577
1685	1685	8.873692700329991
1686	1686	4.780727577143064
1687	1687	0.704624677610031
1688	1688	2.0588846071833604
1689	1689	0.6896825010406052
1690	1690	3.3873726554968355
1691	1691	0.7542564847745503
1692	1692	0.01969128663514584
1693	1693	4.261016406743771
1694	1694	3.5510060952030593
1695	1695	0.8912426034934757
1696	1696	4.639118013345203
1697	1697	2.945513531262033
1698	1698	8.347221326155738
1699	1699	1.879920946210927
1700	1700	1.1639008511387916
1701	1701	3.369357182855907
1702	1702	3.1589080417382633
1703	1703	4.60036078020739
1704	1704	0.037232226740223286
1705	1705	0.8535681000336721
1706	1706	0.7099632574217631
1707	1707	0.28709650279355264
1708	1708	0.14902814708561718
1709	1709	1.1175871498283325
1710	1710	0.3818786050594499
1711	1711	1.0565613970675984
1712	1712	2.966661666054712
1713	1713	1.074187618115988
1714	1714	6.5646633262983105
1715	1715	0.29314306598859086
1716	1716	2.0408222616110034
1717	1717	3.7379763806816593
1718	1718	4.431818990327721
1719	1719	1.0141970188243647
1720	1720	0.6139445563054242
1721	1721	3.2278770615672654
1722	1722	10.075573967090733
1723	1723	0.7000188510447158
1724	1724	0.6663348471070084
1725	1725	1.6788402647182188
1726	1726	1.9049309101744192
1727	1727	0.7498085240600381
1728	1728	0.24129634785708842
1729	1729	3.0919620136328745
1730	1730	3.6728316023616534
1731	1731	1.5073165492479688
1732	1732	4.323861870959803
1733	1733	0.032948086264925375
1734	1734	0.8525720595852049
1735	1735	2.667545244574714
1736	1736	3.651226922854595
1737	1737	3.708332156792693
1738	1738	0.1940480071300443
1739	1739	2.5714948581680876
1740	1740	0.23517795527241944
1741	1741	0.2684261932687457
1742	1742	5.456086967271076
1743	1743	0.25487421249406583
1744	1744	0.6608062380305066
1745	1745	1.6562682012108216
1746	1746	0.8326239393296917
1747	1747	0.5953786377765046
1748	1748	1.469163659492378
1749	1749	0.07145257305950524
1750	1750	0.12720591424246225
1751	1751	0.5734299834822378
1752	1752	7.331179977296536
1753	1753	3.290782056877788
1754	1754	2.6174273324486337
1755	1755	0.35497996064429993
1756	1756	2.4563791446763155
1757	1757	0.49736226508786024
1758	1758	2.6941550755174353
1759	1759	8.721634286373094
1760	1760	1.007797705670513
1761	1761	1.8810785253738993
1762	1762	9.434029233892586
1763	1763	0.7139815743417582
1764	1764	1.3313876909177826
1765	1765	1.1408231616230244
1766	1766	1.3309283966626082
1767	1767	4.650799353708403
1768	1768	1.7139174883428934
1769	1769	0.5758872622839343
1770	1770	5.179611392316701
1771	1771	0.20549751250609904
1772	1772	1.0540577545844017
1773	1773	0.8534783682285233
1774	1774	0.2901921193879403
1775	1775	0.6598351237551286
1776	1776	5.501181328936026
1777	1777	3.4043470285646906
1778	1778	1.4242186411706135
1779	1779	3.0786617893457673
1780	1780	0.284132587169001
1781	1781	7.298034720729152
1782	1782	0.06259484483747277
1783	1783	1.6069122863403154
1784	1784	1.143749167274483
1785	1785	3.5936286301617115
1786	1786	0.4965292187741542
1787	1787	0.7118569467154344
1788	1788	0.34879220541966716
1789	1789	1.2189929425680333
1790	1790	4.6090649339455245
1791	1791	1.439668820845102
1792	1792	2.563430745284867
1793	1793	1.000735449692355
1794	1794	0.7250095877526055
1795	1795	0.756650288548692
1796	1796	0.45449493404939356
1797	1797	2.658338771308741
1798	1798	0.7433955966631127
1799	1799	0.779069455948302
