0	0	1.59174901632622
1	1	2.5118615259316757
2	2	1.8464462916081377
3	3	1.5744023046345414
4	4	1.1020969821909985
5	5	2.0763185898872187
6	6	1.1510383983372796
7	7	4.447048826065314
8	8	6.629824364107628
9	9	0.9672042018045066
10	10	3.1377922799383366
11	11	1.5053482190731768
12	12	1.6788656934776458
13	13	5.196508307850881
14	14	0.14737070982569575
15	15	0.18232205823800096
16	16	0.0408511733684499
17	17	3.5749753592297764
18	18	3.011568463730431
19	19	4.080628561891102
20	20	7.6904436763336985
21	21	3.2104791179002916
22	22	1.237858917225937
23	23	3.0330719537603033
24	24	0.2517488236610856
25	25	2.0428637727841457
26	26	0.3094593654552904
27	27	5.788840899383052
28	28	1.4756545566221173
29	29	1.0711314366015126
30	30	0.6145607061809075
31	31	2.97650967745347
32	32	1.21816483260617
33	33	1.6806694137352238
34	34	0.03793714332476778
35	35	1.9227618583897188
36	36	1.8939933556875561
37	37	1.9190959454584717
38	38	5.7558301574820465
39	39	2.2902779173007524
40	40	0.8910369854624784
41	41	1.1490648175149663
42	42	2.3922156022667402
43	43	0.1242305918506314
44	44	2.1978249601160793
45	45	2.221194866588761
46	46	0.4724134106680155
47	47	0.2760573752649006
48	48	0.7579239322729511
49	49	0.904204112692772
50	50	1.6888555613018204
51	51	1.1546486218591923
52	52	8.908994761218105
53	53	0.21527022507058113
54	54	0.4686030312659154
55	55	0.3518271068692058
56	56	2.1174854498128313
57	57	0.5841610698145394
58	58	1.2558831621483846
59	59	0.5605540274057276
60	60	0.3462549055464135
61	61	0.23391082408230432
62	62	2.136144379598286
63	63	0.29742454277658203
64	64	0.43776120541008107
65	65	0.92002793111944
66	66	3.440663303556088
67	67	0.20428977332912848
68	68	3.639637848790018
69	69	0.20206956561047273
70	70	7.49806290140918
71	71	1.2646732053307628
72	72	7.523854344239078
73	73	1.8569570025668714
74	74	2.6884905293734365
75	75	0.07995260496702022
76	76	0.6648204905932447
77	77	0.2561135229490597
78	78	0.7023521737270552
79	79	0.25277728343820577
80	80	0.7654019155952424
81	81	1.0697687724887113
82	82	0.1325947929820781
83	83	2.358379054260683
84	84	1.6721950904612557
85	85	0.616829679743685
86	86	1.481517903174894
87	87	0.197300627360501
88	88	1.7157912839708815
89	89	5.29851185002237
90	90	0.7671204208848678
91	91	2.2016918425203227
92	92	0.2826614280384563
93	93	2.519867664415427
94	94	0.6833083396036006
95	95	0.40470087356011
96	96	1.7662580925792057
97	97	0.04062490869430177
98	98	3.531482155262716
99	99	0.00941306914139535
100	100	2.265268268375591
101	101	0.6294433341607909
102	102	2.657515760216735
103	103	6.55028636608499
104	104	0.5720419550548834
105	105	1.7167859287090301
106	106	1.7931817651690987
107	107	1.6984416432092366
108	108	0.5048399908947061
109	109	6.104563409971522
110	110	1.185248055219694
111	111	3.746919842526284
112	112	2.4044771201111503
113	113	0.706040264258179
114	114	3.361844409537655
115	115	1.0100375021560113
116	116	4.258998729446261
117	117	1.74107163710923
118	118	4.269660938920902
119	119	2.358765857946136
120	120	2.58381852592256
121	121	1.391598917190378
122	122	6.250936486040461
123	123	2.065594036510459
124	124	1.1027919962730703
125	125	1.8648057468480148
126	126	0.038759557969298905
127	127	0.7178544330159409
128	128	2.15864039212568
129	129	0.6851992417026148
130	130	1.9247501224811705
131	131	1.1199221483899071
132	132	0.291147946818777
133	133	0.7084482591528164
134	134	1.68777694120712
135	135	1.7874581482546053
136	136	1.7081594385510777
137	137	2.118018796283581
138	138	2.1116991922518547
139	139	1.1292210055833836
140	140	4.5372679382147245
141	141	0.9163457628450469
142	142	1.1449231238967137
143	143	4.449829255555767
144	144	3.281795127464797
145	145	2.4340389770463644
146	146	0.21122528890657574
147	147	5.038564279101088
148	148	2.505215057997205
149	149	13.530787468079449
150	150	0.32374017339652317
151	151	4.0518175854839455
152	152	0.35465115822237303
153	153	1.9119328312977397
154	154	0.2643674202549223
155	155	3.767857799758713
156	156	3.2934381861344866
157	157	1.683761896964952
158	158	1.0457400586553933
159	159	0.14335077985287834
160	160	2.390877137097255
161	161	1.2085981525936837
162	162	2.5606683667771253
163	163	4.025545471351788
164	164	7.419920604207939
165	165	3.873154466533701
166	166	0.02356646924463844
167	167	0.8925056579264238
168	168	2.6185967332193365
169	169	0.3765899497979107
170	170	1.4722622132591983
171	171	0.11174011062613384
172	172	0.44627841488828895
173	173	0.03739094154009305
174	174	3.1568254528578916
175	175	0.5070114240790502
176	176	0.8473142092659823
177	177	5.264437747526932
178	178	2.437593624162474
179	179	0.06471362087081192
180	180	0.3599146831041524
181	181	1.9429642886477458
182	182	1.7218472891904326
183	183	0.543336157644453
184	184	5.4426963954028
185	185	1.9036594328537741
186	186	1.5341593338703685
187	187	1.7827571470376375
188	188	2.619570766644437
189	189	0.7477729916273752
190	190	1.0157302281921103
191	191	0.471049133941446
192	192	0.412064098110469
193	193	5.778151235918738
194	194	2.6906948547882545
195	195	1.3484891658185798
196	196	0.5160255247321253
197	197	0.5870153011795364
198	198	0.11956192128548619
199	199	1.1397951187658706
200	200	0.7473396038048581
201	201	2.383716227621043
202	202	0.948832587225237
203	203	0.39593547087225356
204	204	0.0499767058366922
205	205	0.1392353435464009
206	206	2.275076997014559
207	207	1.2091624551388114
208	208	1.5382396126687163
209	209	4.539680085062943
210	210	9.27930534309901
211	211	0.4889820527630434
212	212	2.175808864471898
213	213	0.611209800083131
214	214	0.04173442644356554
215	215	2.840766926994347
216	216	0.7713754058556128
217	217	0.9672767845450638
218	218	1.7750038381793953
219	219	3.556286645088512
220	220	1.9830085569295302
221	221	4.121642448777763
222	222	0.639149313985543
223	223	3.199438919029676
224	224	0.4106955401909946
225	225	6.1063692858833996
226	226	2.3262265899007617
227	227	0.48543698570509203
228	228	5.888960398611079
229	229	2.625016017367378
230	230	0.5859029095070785
231	231	0.4798470451697151
232	232	1.4604553412025336
233	233	0.051995499835167575
234	234	0.4650500284956395
235	235	1.1056767537474972
236	236	0.9373529576686485
237	237	1.2456586254988566
238	238	0.6504320301294418
239	239	1.7675713175230083
240	240	3.9880784706413057
241	241	0.2500651764672305
242	242	1.4570476689315635
243	243	0.2832840618629868
244	244	2.5236253560909994
245	245	1.0085598632806418
246	246	1.6667565004653593
247	247	0.4049175191606086
248	248	0.3129515332970622
249	249	1.3390811662542201
250	250	0.8789107897343393
251	251	5.6412716855635505
252	252	2.8991095645700646
253	253	2.7619261542104288
254	254	4.680983925950177
255	255	0.17421716802892678
256	256	1.6067835184858703
257	257	1.7564301411417687
258	258	6.5369925409813305
259	259	0.6910391563532469
260	260	0.5510558812362684
261	261	0.21137434304252775
262	262	0.033132185425295536
263	263	5.3051169933474975
264	264	2.21681953474844
265	265	3.0756574452055085
266	266	0.6618197665739457
267	267	1.7657610716883592
268	268	0.13218402208157162
269	269	1.3296155086760346
270	270	7.588047963481873
271	271	4.183113192030381
272	272	0.8254597207813319
273	273	6.517841791579921
274	274	0.5271542281697863
275	275	5.9644013762360695
276	276	5.673280377997011
277	277	3.2109175529373046
278	278	1.990927293882405
279	279	4.147522874121007
280	280	0.6935066089117036
281	281	3.780203412281018
282	282	1.9240238528711324
283	283	0.026650491627624028
284	284	0.8530716430441855
285	285	0.32066819114531725
286	286	8.015899630627306
287	287	1.3015946866056336
288	288	1.3758869487036303
289	289	2.0403741754230613
290	290	0.9195826452390442
291	291	0.2944500690707879
292	292	3.4532667399319124
293	293	0.4210665717158384
294	294	1.4320906368077364
295	295	0.5080227695367198
296	296	0.2059367238231794
297	297	3.9637807302500687
298	298	7.217881923910919
299	299	6.479926115046301
300	300	4.7407751869613595
301	301	2.9748594767288488
302	302	0.8103657519647216
303	303	0.16915897828316293
304	304	1.0459353197292693
305	305	0.528540929871969
306	306	0.28425102676284153
307	307	0.10981475419914145
308	308	2.5862956895002713
309	309	0.022986507516094917
310	310	2.944408313443257
311	311	0.31786636818362013
312	312	0.16572453674106846
313	313	0.18774909695753514
314	314	2.229774870697893
315	315	0.5630480374314193
316	316	1.0913154464653787
317	317	1.6300366834089142
318	318	3.9401151650088764
319	319	2.596891262832244
320	320	0.6303200620242644
321	321	0.28193577684134696
322	322	0.11393307245004335
323	323	0.7179226384961851
324	324	0.6079431220375008
325	325	1.218128920739439
326	326	2.2994827860038884
327	327	2.3789924985151796
328	328	0.6668066714670063
329	329	0.9558359896361841
330	330	0.39971107316798543
331	331	3.1074909837251994
332	332	0.11705580535881015
333	333	2.388026740592677
334	334	3.016430455074808
335	335	3.0048256225742533
336	336	0.6006501572437136
337	337	0.9362129014392705
338	338	1.7715212845057757
339	339	0.6371677108359525
340	340	0.9267800523199053
341	341	0.4389363281287937
342	342	1.2318385861942909
343	343	0.09127610722129131
344	344	3.216835711443962
345	345	0.160157718458363
346	346	1.4630906833430117
347	347	0.7329025814007294
348	348	1.723334982781578
349	349	6.409617505079799
350	350	2.074490206874187
351	351	0.07200565857033608
352	352	1.1256504034755022
353	353	1.4267685619102497
354	354	1.5365066632565325
355	355	2.287590749150883
356	356	0.6503417501659922
357	357	0.2759064587388501
358	358	0.997384650178556
359	359	6.265658788059783
360	360	0.41437036171898795
361	361	4.686479930631592
362	362	1.5696740238232305
363	363	1.2209656892557876
364	364	4.274843300519757
365	365	1.227208438931103
366	366	2.5759239536433647
367	367	1.0184049559040147
368	368	4.687739241035686
369	369	2.342527390108956
370	370	2.40542755613456
371	371	0.7941619117606169
372	372	2.827566630104322
373	373	2.021538320318671
374	374	0.5489270431143511
375	375	0.3499900966097324
376	376	3.1831122429909438
377	377	6.396509958691195
378	378	1.2254908984156356
379	379	1.788002816197504
380	380	3.899953833021158
381	381	1.2221151200994378
382	382	6.067885230850397
383	383	1.714870227856823
384	384	3.438138634084219
385	385	4.790359730792839
386	386	3.3804698457043676
387	387	0.34731312532137815
388	388	1.9825590093546586
389	389	1.0164389076237224
390	390	0.1295313915293499
391	391	1.1034072254364273
392	392	0.5986567681574317
393	393	3.7814583451122075
394	394	0.06774371088157474
395	395	6.387523766170761
396	396	0.8781539677111677
397	397	0.8823096232955903
398	398	0.03292656371804233
399	399	0.40970453603711204
400	400	1.0258539962267177
401	401	5.298376634892581
402	402	0.20986550370422283
403	403	5.811839208599261
404	404	4.072588335099612
405	405	1.2108675554239758
406	406	0.7911311861068281
407	407	0.529869867742731
408	408	1.9062450751605275
409	409	0.06726784700088041
410	410	0.03145824207128612
411	411	1.1200167587225376
412	412	0.14100389193755716
413	413	0.5805468228007992
414	414	0.4999016420077256
415	415	0.5838921507372627
416	416	0.2809514258926456
417	417	0.024218489516489618
418	418	0.245430024327366
419	419	1.927185370399707
420	420	7.3191239109423085
421	421	9.280559049537139
422	422	1.0520615953989128
423	423	0.35575352161445667
424	424	2.036435172856945
425	425	1.3478869025808122
426	426	9.0956481776939
427	427	0.13506831575099146
428	428	3.0578777406906426
429	429	0.680474423033754
430	430	0.5526103906887808
431	431	2.172406628086587
432	432	0.5648934284166769
433	433	2.192385142449218
434	434	1.4567551627802602
435	435	1.103604248067765
436	436	1.6179593784394435
437	437	0.6766922382607351
438	438	2.4522644159343097
439	439	1.071797587741387
440	440	0.8942798088394524
441	441	3.52817476975904
442	442	5.179652177554011
443	443	0.09419854193417948
444	444	0.5295645523633417
445	445	0.8570152269388562
446	446	3.3744365554479
447	447	8.466031214459509
448	448	6.945711476466032
449	449	4.706669608192724
450	450	0.7035347687904403
451	451	9.659440305300288
452	452	0.573818185372464
453	453	0.2238890743005797
454	454	6.029936653827079
455	455	0.5316330977162924
456	456	2.3408714575171525
457	457	0.12025675276689046
458	458	2.6239261356124994
459	459	4.269404758358086
460	460	0.636109084141568
461	461	0.9530316426770257
462	462	0.9377563122834526
463	463	2.76291820003875
464	464	0.5431115854758563
465	465	0.3771294474484318
466	466	1.1930998358507214
467	467	0.7261576886372348
468	468	3.6550525537601466
469	469	0.5429399393517578
470	470	1.3958751021277611
471	471	5.714850593836844
472	472	2.0102313105708403
473	473	4.03916900513523
474	474	5.633823320995318
475	475	2.778716996685194
476	476	2.405114681299945
477	477	6.881887822168937
478	478	10.370259399395701
479	479	1.2023092967521591
480	480	0.14701275161802627
481	481	0.6928666559783376
482	482	0.33058603140985376
483	483	1.0808054058154204
484	484	0.28149030662580765
485	485	1.8532771937725687
486	486	0.9651504323798828
487	487	4.514953574025345
488	488	6.871246736049113
489	489	1.5832182111441189
490	490	0.6426806036519427
491	491	1.7941060319552504
492	492	4.541420245902092
493	493	1.0442226226026776
494	494	1.6062735731843287
495	495	0.6339547538487043
496	496	1.2155695393860577
497	497	1.0273712038134746
498	498	0.5711378536562429
499	499	1.4098986405607945
500	500	0.7432315109311108
501	501	0.9337286883414114
502	502	1.488756500100754
503	503	2.777354579512887
504	504	0.8114526818267913
505	505	5.158226316511476
506	506	3.965625144970767
507	507	0.09983121603629287
508	508	0.5851012070979655
509	509	1.1816704596885665
510	510	0.22103176069229954
511	511	0.8568820563953251
512	512	2.6948976337264154
513	513	2.2820866611648403
514	514	1.9477572153064489
515	515	2.4793961927169397
516	516	0.4586343553780236
517	517	0.8361833217416046
518	518	2.2555208909467876
519	519	4.227813616668564
520	520	1.5691133925548868
521	521	0.6645212584543315
522	522	0.06140354185525634
523	523	2.4780730205255614
524	524	0.01583069476161071
525	525	0.9325940378693865
526	526	1.5123324954397448
527	527	5.104952942595611
528	528	0.1875107773098733
529	529	1.0415577265399996
530	530	0.049227290822545955
531	531	0.8389586533116379
532	532	1.9469450740683887
533	533	0.6544207755735052
534	534	0.4708117283590564
535	535	0.2459251275522348
536	536	1.7214294021136287
537	537	2.3766583194293904
538	538	2.229222020438513
539	539	5.946416537311089
540	540	0.005413748348030452
541	541	2.0836889409342843
542	542	1.834543611427701
543	543	1.7770574254235203
544	544	6.58129796412445
545	545	0.034031242889817195
546	546	2.3846315624015086
547	547	3.360564812466422
548	548	1.4259129779729507
549	549	0.812825722959508
550	550	3.129313100114896
551	551	0.20460356478321576
552	552	1.1669203710798222
553	553	1.4677399207161135
554	554	2.368055478496367
555	555	0.19056897074016013
556	556	0.5169185019326116
557	557	1.0562879919079324
558	558	1.9525840464222528
559	559	4.360040903223708
560	560	1.9289995131429176
561	561	0.28649741130098405
562	562	7.8829173075969665
563	563	4.108104934655797
564	564	1.3972071237225725
565	565	5.111035477393302
566	566	1.5590700585440747
567	567	5.135865371444638
568	568	3.5427066199918755
569	569	6.902019985245148
570	570	5.046034915251093
571	571	0.07339813061402616
572	572	0.3841911444693157
573	573	0.9857575297886239
574	574	6.079063112244554
575	575	0.7134325166584046
576	576	0.3498205221682055
577	577	4.348465835295749
578	578	1.1826055741816681
579	579	4.769230760201573
580	580	0.3492555789129719
581	581	2.164203746625185
582	582	1.1605791867955417
583	583	0.15914030492296566
584	584	2.3845044828635102
585	585	0.568439494550683
586	586	0.0808431547697901
587	587	0.12363229658483968
588	588	0.1260468846411525
589	589	4.766136540829468
590	590	2.6932545554331218
591	591	4.5667879957565125
592	592	2.2330371753983607
593	593	1.5055393077711818
594	594	0.7260943049437125
595	595	12.391819346039163
596	596	0.8994267403558899
597	597	1.272206910289917
598	598	0.9504188717035882
599	599	7.777289765041693
600	600	0.38391580009027293
601	601	0.7949581656537043
602	602	2.2810489170209554
603	603	0.13058719806337363
604	604	1.8691608159756385
605	605	1.2988214454790727
606	606	0.6681501591326517
607	607	0.5447024676902597
608	608	1.4452044787569271
609	609	0.9175026072842185
610	610	1.2195243430999207
611	611	0.8234011619426371
612	612	7.046302524151487
613	613	0.2864465447593866
614	614	0.20363128602903274
615	615	0.8413353539304529
616	616	1.788211794803835
617	617	2.1527808968224917
618	618	1.0125279119157278
619	619	14.466954002122604
620	620	0.8673989338609707
621	621	2.556004303469192
622	622	2.029917907109896
623	623	3.353869484750309
624	624	7.478297152926997
625	625	4.410801639810011
626	626	2.8926151218262666
627	627	2.396302749009025
628	628	0.8174352927891124
629	629	0.3195995611354407
630	630	0.12936720318339015
631	631	0.5538844478255124
632	632	1.132259097108328
633	633	1.4762735015357862
634	634	2.9663468175910275
635	635	6.375768286590729
636	636	0.2495861784035898
637	637	0.22634666878325616
638	638	1.7817076366574882
639	639	2.7361080557457704
640	640	3.7697291844962173
641	641	5.4925037700481765
642	642	8.199869387141293
643	643	1.0209903308284864
644	644	0.9571531314455622
645	645	0.3198884389902281
646	646	2.3099490612989726
647	647	2.1386621476143692
648	648	3.961910579708206
649	649	0.20463694980209893
650	650	1.377421702574804
651	651	1.7401598287797417
652	652	0.552975368257273
653	653	0.3703121151066617
654	654	3.926246607933947
655	655	0.12063604739544623
656	656	1.272100952049562
657	657	0.24622090527872248
658	658	1.2215083619677005
659	659	7.82028218889885
660	660	1.1022758903259358
661	661	3.8915691589429495
662	662	0.24957503916716883
663	663	0.6328547821609715
664	664	1.0343338436196696
665	665	1.0210251455742265
666	666	2.2257275934132545
667	667	0.8453795920636311
668	668	2.501897309586709
669	669	2.0387903622039314
670	670	1.0188570178870597
671	671	1.1304232778824113
672	672	1.9065718856049394
673	673	0.14523211922164353
674	674	3.4565187806716056
675	675	2.1192899139589216
676	676	2.591755648942564
677	677	1.5397238687305033
678	678	0.2341400795281768
679	679	1.0385074590168686
680	680	1.039643881926677
681	681	0.7743949343762043
682	682	0.060815994715133534
683	683	2.673136832499478
684	684	0.2325833272500403
685	685	1.8643734784433126
686	686	2.4295114395755832
687	687	2.014545360138187
688	688	6.39531761119881
689	689	0.21806372715373826
690	690	4.037327553235617
691	691	0.05924949262037471
692	692	1.5310781655407109
693	693	1.0358469008229971
694	694	1.4854475214005305
695	695	0.9085751583379476
696	696	0.42284234268845955
697	697	0.038616209980314904
698	698	1.4602440604785754
699	699	3.700178451757724
700	700	0.9343064494060351
701	701	0.5042793551637242
702	702	0.16792008168368394
703	703	0.17834215628219574
704	704	0.5005065591781757
705	705	0.21075227805208582
706	706	0.6158775852164303
707	707	0.13687775447654524
708	708	0.1357117516729459
709	709	3.879723470010763
710	710	0.35376139599513884
711	711	1.6405180149980507
712	712	2.969628163139237
713	713	1.2191183862845603
714	714	0.33298038048511674
715	715	0.4452777126885749
716	716	1.1347362415180917
717	717	1.5025447361414381
718	718	0.8598443949218672
719	719	3.0417518120681915
720	720	2.7807786589911916
721	721	5.240403052249532
722	722	0.05875988747090005
723	723	4.5208008459117845
724	724	0.9970326844302543
725	725	4.213584291435512
726	726	2.3474354544944003
727	727	8.739999627226076
728	728	2.8482620632870743
729	729	0.9068268253715678
730	730	1.3905515802243402
731	731	0.9444575026113007
732	732	0.9079828976310333
733	733	0.6046562737167961
734	734	1.3702401497929542
735	735	2.289772895206746
736	736	0.649633611302862
737	737	1.4862713313827929
738	738	0.24972171074826405
739	739	0.34833844357563853
740	740	0.09587440098839282
741	741	7.062482942562314
742	742	0.007735643797801483
743	743	0.39344138039273835
744	744	1.8979726760424798
745	745	0.1697428251026352
746	746	4.27238789307504
747	747	2.543220032000697
748	748	6.785861574871414
749	749	1.4170721581492671
750	750	0.7145036010298185
751	751	1.5947969468003882
752	752	5.342049868259459
753	753	1.4711135244344644
754	754	0.6217841231004847
755	755	4.197636758596247
756	756	0.9301714790667989
757	757	0.0027686154218895557
758	758	0.5692003793160569
759	759	0.7661361371795657
760	760	3.914836786450051
761	761	1.2268361224993825
762	762	1.176087632045952
763	763	0.8192543140596286
764	764	4.25186117809193
765	765	5.801818131525908
766	766	9.62939599589191
767	767	0.945587089160695
768	768	6.771481641879609
769	769	3.1392767493459606
770	770	2.252105604577594
771	771	0.5617823111445841
772	772	0.48785933956638333
773	773	0.3631584436364977
774	774	5.121587872251867
775	775	0.6964972686597571
776	776	1.2069575731160271
777	777	1.3622705622510658
778	778	3.0117022969405425
779	779	3.718813141877898
780	780	0.29949043231010564
781	781	1.1134053311380556
782	782	3.7011712384319013
783	783	3.4078632146201846
784	784	0.21609214475063354
785	785	0.3401141847765912
786	786	0.7253822716796055
787	787	0.1566995992499122
788	788	1.105598655694832
789	789	0.22772131309229432
790	790	1.6796670133650713
791	791	0.5662036617453151
792	792	1.8148258397970078
793	793	0.2500510954229098
794	794	7.449748604360671
795	795	5.393069632477592
796	796	0.9944929403036936
797	797	0.5546150668084953
798	798	0.5764263278546518
799	799	1.3209477685449453
800	800	0.0816289930565573
801	801	2.0416648661215038
802	802	1.0495208890768966
803	803	0.9477231554204436
804	804	3.314789048845979
805	805	2.469107751071385
806	806	6.1727943958443765
807	807	0.8675323863469802
808	808	4.556619567108569
809	809	2.9390666235144933
810	810	0.8845423906124937
811	811	1.9439527721492649
812	812	0.680956380926063
813	813	4.149304729432219
814	814	0.23852972977412878
815	815	0.47761712203620593
816	816	0.4043138682644692
817	817	1.0317634433082958
818	818	2.7348114402708474
819	819	1.4969284833297833
820	820	1.3375973461903243
821	821	0.0010922279801978004
822	822	1.1081682702955633
823	823	0.13132635964205702
824	824	0.46702740216476224
825	825	5.388115279209503
826	826	0.48515791316456264
827	827	3.9086175790942526
828	828	3.248020871126259
829	829	0.34667503744261685
830	830	1.8613471277395228
831	831	0.24583158326627677
832	832	2.6030842294669045
833	833	2.0292534953600536
834	834	3.341973140047328
835	835	1.3054872167867124
836	836	4.926989173912642
837	837	0.10121641988287014
838	838	0.6931340177074671
839	839	2.5109013365095088
840	840	1.0829449958210664
841	841	0.3797835275343471
842	842	0.2268094461555455
843	843	3.400247826583409
844	844	1.2816521472748643
845	845	4.278955096153468
846	846	2.643180214808889
847	847	1.0543375829422519
848	848	0.935248170513103
849	849	1.4498468672618645
850	850	4.397530684825808
851	851	2.6733220933016084
852	852	0.01033257315070932
853	853	2.3693723285515023
854	854	5.03918022008669
855	855	2.478894353468365
856	856	0.3896122066412493
857	857	1.3214301754066389
858	858	0.30238083993439313
859	859	0.8894369120075583
860	860	5.532960178073943
861	861	5.135845543886837
862	862	0.6649038439471329
863	863	0.8299131523335216
864	864	1.8336460877105538
865	865	6.604367876297769
866	866	0.31987120670905217
867	867	0.5938941034201253
868	868	4.135924598685077
869	869	1.3541234231924877
870	870	4.584499221692454
871	871	0.4104056496267066
872	872	1.5214332204051806
873	873	0.7898505931035209
874	874	0.7611817846782023
875	875	1.1843496277268857
876	876	1.135065158238266
877	877	0.8843003420779462
878	878	4.929520405929495
879	879	2.6316284435608126
880	880	2.6005782500051007
881	881	0.6847368287861151
882	882	1.7241232678614211
883	883	3.020809645278233
884	884	3.1752586022653135
885	885	0.8448068927072826
886	886	2.9469555631426774
887	887	2.6628087010942045
888	888	0.3051523065411613
889	889	4.019017221633772
890	890	1.164362104146143
891	891	1.3326617424454625
892	892	1.189752517609093
893	893	1.6779465523998194
894	894	1.9413314732248177
895	895	1.3790258480071327
896	896	4.03163502601256
897	897	1.976297315614526
898	898	1.0264167515508407
899	899	1.0780790270024547
900	900	3.3303094801420507
901	901	0.8560103022249177
902	902	0.47513108968092616
903	903	0.12243887187887399
904	904	4.1753805046169274
905	905	5.015444748952493
906	906	0.25593990295363517
907	907	0.8143543702402662
908	908	0.3856459754547109
909	909	0.2463667373407468
910	910	4.602506820155541
911	911	0.11711768969128394
912	912	7.8732117536538
913	913	0.20284956542294622
914	914	3.9824313264974047
915	915	1.671755140988731
916	916	0.9174706722138707
917	917	0.8381416245852181
918	918	2.8323869828116295
919	919	0.75542741531472
920	920	2.14191010078236
921	921	1.4568279489555525
922	922	1.3270433442247564
923	923	4.628549718689806
924	924	1.617767387336946
925	925	3.5073280438444425
926	926	2.586143875427914
927	927	0.0786405080173323
928	928	2.9665803837193216
929	929	0.48891377604702885
930	930	4.669176485583311
931	931	0.08774535000365108
932	932	0.8101464732226161
933	933	0.2101276687547045
934	934	1.2909595484558527
935	935	3.4298461591628877
936	936	0.7081776093716509
937	937	0.327238827996476
938	938	0.8017524135704169
939	939	3.362728829056404
940	940	0.30253890397209104
941	941	0.5158904532286772
942	942	0.14267401471296823
943	943	2.4463795054603046
944	944	1.0058248435841737
945	945	0.7445635623038543
946	946	2.536143842013099
947	947	0.8188786166018451
948	948	2.6022253175013312
949	949	3.376955695342427
950	950	0.49093896976056056
951	951	7.285419486077588
952	952	0.3543288304663608
953	953	0.687350772893373
954	954	0.39640264911019585
955	955	0.8477846718503891
956	956	1.3080871324509094
957	957	1.4770250819500448
958	958	3.8429079016443577
959	959	4.404536911347321
960	960	0.49718904602341846
961	961	1.9504580985895834
962	962	0.236432387833868
963	963	1.228560580757823
964	964	0.7782001122149238
965	965	0.7610594269208681
966	966	1.3178171060215635
967	967	2.617390273474756
968	968	0.14338443458785594
969	969	4.22679660665409
970	970	2.6546459251138934
971	971	0.3883819745498601
972	972	5.599045507934304
973	973	1.4117039880938442
974	974	17.1220615081123
975	975	0.4394474967753168
976	976	1.531040940096557
977	977	0.685679451407821
978	978	0.7253100276182299
979	979	1.7883999821147825
980	980	5.09490243224411
981	981	3.2722194844531027
982	982	2.574284223064073
983	983	1.6382090898429684
984	984	5.109761527949518
985	985	1.3559710301685712
986	986	4.1402846805363165
987	987	3.5913138353651437
988	988	0.4811780521011673
989	989	2.9500366297125313
990	990	0.02449166402769598
991	991	0.7796644936904907
992	992	0.5216063234444854
993	993	1.4139363377929675
994	994	2.670086164003908
995	995	0.20556405773395972
996	996	1.4468919850618098
997	997	5.574577169729464
998	998	0.5192171622614619
999	999	2.261080059871247
1000	1000	1.7972959236312962
1001	1001	0.020229353939811196
1002	1002	1.2918639247235775
1003	1003	2.467286576735855
1004	1004	0.0899433350827434
1005	1005	4.232567648600445
1006	1006	1.4682776149158887
1007	1007	0.06228186585199551
1008	1008	0.5082718118984705
1009	1009	6.144177080865805
1010	1010	1.7460781015186375
1011	1011	0.22739605881439973
1012	1012	0.6780756562622725
1013	1013	1.2202005984384352
1014	1014	0.04234527196549036
1015	1015	1.0607493127268286
1016	1016	1.3445672342159203
1017	1017	0.5585758053114236
1018	1018	1.776568210433206
1019	1019	2.79867911858117
1020	1020	0.5379410583966923
1021	1021	1.9378008387593122
1022	1022	2.041204945176037
1023	1023	5.933912647705274
1024	1024	3.012645336694098
1025	1025	3.772297707417164
1026	1026	1.3483364845549786
1027	1027	0.4099899426443325
1028	1028	10.952637159586489
1029	1029	0.27704367363701893
1030	1030	1.2752634377034855
1031	1031	0.14104472235349075
1032	1032	5.759487733702761
1033	1033	6.700529933128464
1034	1034	2.541572262664286
1035	1035	0.861543812706643
1036	1036	0.587084824476125
1037	1037	0.6165951027854985
1038	1038	0.27231315749906904
1039	1039	1.4922899718203595
1040	1040	0.30587647357037895
1041	1041	0.7617323165498472
1042	1042	1.9707804821600452
1043	1043	2.6005534257624974
1044	1044	0.04914428416969401
1045	1045	1.1246448404427682
1046	1046	2.111821788943382
1047	1047	3.837994801892709
1048	1048	1.2899516812152967
1049	1049	6.960862494722687
1050	1050	0.6174915184113491
1051	1051	0.02720155866618283
1052	1052	1.3223393675626876
1053	1053	0.5917344122857151
1054	1054	3.4713368659284445
1055	1055	0.5299442716908113
1056	1056	0.7439520160026651
1057	1057	3.133019612433321
1058	1058	2.51153772752826
1059	1059	1.6331226473254827
1060	1060	2.4412077537210077
1061	1061	1.0847593954014796
1062	1062	0.010648392051105252
1063	1063	0.022840180435622748
1064	1064	1.4316928914282112
1065	1065	0.17393034822817827
1066	1066	0.10485204013563316
1067	1067	6.734556730251424
1068	1068	3.9180282195166947
1069	1069	0.32981350252829456
1070	1070	0.001328878562204706
1071	1071	5.683201886905238
1072	1072	0.6523615866162593
1073	1073	0.41133825174662036
1074	1074	2.352119434891412
1075	1075	0.23060564026361052
1076	1076	0.6148163119226389
1077	1077	7.385347704456006
1078	1078	2.0403201335342227
1079	1079	1.4707644771459634
1080	1080	1.0147253030134933
1081	1081	2.9788787091362248
1082	1082	0.3038737095165752
1083	1083	6.843073790775438
1084	1084	3.948333375529072
1085	1085	1.9228742438066266
1086	1086	0.08770773535112328
1087	1087	2.413658088648758
1088	1088	4.890241597759851
1089	1089	1.4871009736977914
1090	1090	0.8746077143549401
1091	1091	0.25629717186825857
1092	1092	2.8121869866069136
1093	1093	4.326026358421243
1094	1094	0.21128054085074846
1095	1095	2.845788518760969
1096	1096	0.03441538607299984
1097	1097	6.825826575933051
1098	1098	1.9093253179989698
1099	1099	1.6078851390294748
1100	1100	0.701811332512535
1101	1101	5.298383826877401
1102	1102	0.618235371043593
1103	1103	3.52222713618571
1104	1104	8.413953483201903
1105	1105	3.0593749150611584
1106	1106	1.4637341071167524
1107	1107	0.13671671106600633
1108	1108	1.278885988269125
1109	1109	1.1534179089644432
1110	1110	0.45328944951786465
1111	1111	1.1018639318887429
1112	1112	0.885579837572394
1113	1113	0.35749811830313954
1114	1114	1.1645506764018378
1115	1115	0.6097919878826782
1116	1116	1.476550284438644
1117	1117	0.07158611278228952
1118	1118	4.733850889665628
1119	1119	3.389602810623809
1120	1120	1.608521012824672
1121	1121	3.8185009622778288
1122	1122	6.561240442995783
1123	1123	0.23424167153675435
1124	1124	1.993005870042246
1125	1125	12.423226111745022
1126	1126	8.827310260673073
1127	1127	1.8492658240584374
1128	1128	0.27397957872562073
1129	1129	1.750263177144412
1130	1130	0.004133539745307999
1131	1131	0.4435672894800567
1132	1132	6.2527373014490655
1133	1133	0.8022707078816258
1134	1134	2.0343785769918963
1135	1135	0.659397045189987
1136	1136	5.90618433069408
1137	1137	2.6080189591612934
1138	1138	0.7999140835348668
1139	1139	3.1381416860847433
1140	1140	0.2289494583559563
1141	1141	0.996210214256663
1142	1142	0.5000485644930195
1143	1143	2.3022955333941577
1144	1144	0.21616461446385102
1145	1145	1.0117618455580368
1146	1146	0.6477234138650281
1147	1147	1.411828343025026
1148	1148	0.8612510277428336
1149	1149	2.451146020733954
1150	1150	0.04976816166777208
1151	1151	2.0101724241647103
1152	1152	0.5242139483428884
1153	1153	0.6258877059103539
1154	1154	3.2214334954261856
1155	1155	6.227608430998492
1156	1156	0.7612041713755356
1157	1157	3.506677425398879
1158	1158	0.21960928116190387
1159	1159	2.0101436368840577
1160	1160	2.7808642158782284
1161	1161	0.33915326622037006
1162	1162	1.1102600847485788
1163	1163	4.4643867999428775
1164	1164	0.21868902347949948
1165	1165	0.03652419976721968
1166	1166	1.786053786541686
1167	1167	1.1437415406948657
1168	1168	3.205811078673702
1169	1169	5.139767014069208
1170	1170	0.7109331901265138
1171	1171	0.9833670735005137
1172	1172	1.3321230090356628
1173	1173	1.774199239276143
1174	1174	8.252144778844716
1175	1175	2.3902260092372125
1176	1176	0.9871128873991981
1177	1177	0.6124191332969271
1178	1178	5.78728004892792
1179	1179	0.29131999969045913
1180	1180	2.547831200158789
1181	1181	5.191096177815694
1182	1182	2.1852539918509746
1183	1183	1.1000147345997482
1184	1184	0.44376604204658854
1185	1185	0.9160720858781748
1186	1186	2.454290510266717
1187	1187	2.096984442283435
1188	1188	5.261516390547374
1189	1189	4.032721870457823
1190	1190	3.387278325966121
1191	1191	4.848395600372516
1192	1192	0.6468593512706584
1193	1193	0.9225589198874069
1194	1194	0.9557293853141583
1195	1195	1.6440102840648119
1196	1196	2.206555688187374
1197	1197	0.6757531570087757
1198	1198	0.039308709889109006
1199	1199	1.0190608712950737
1200	1200	0.7378651237797034
1201	1201	5.7010043227896485
1202	1202	4.383251291089585
1203	1203	3.936668906634637
1204	1204	2.1168596202338144
1205	1205	0.8440707741296055
1206	1206	1.591907553382488
1207	1207	3.377233261335426
1208	1208	0.2076353434029128
1209	1209	3.2296536155194273
1210	1210	0.08410339919568915
1211	1211	3.390220712909588
1212	1212	3.2959812607544223
1213	1213	0.10470836402555818
1214	1214	1.9732156280279756
1215	1215	1.3961308076849435
1216	1216	0.3722242715512681
1217	1217	0.3212272272422877
1218	1218	2.9678948761208845
1219	1219	1.677237427995112
1220	1220	8.148982097915674
1221	1221	8.062489095417202
1222	1222	9.830739357187904
1223	1223	0.25252266645092775
1224	1224	5.569521384889496
1225	1225	0.5609352757498588
1226	1226	1.225761954835485
1227	1227	2.8327366120202777
1228	1228	0.4553599810184447
1229	1229	1.6708579758094704
1230	1230	0.41113962657388864
1231	1231	0.22127350259556608
1232	1232	0.24786066119948227
1233	1233	0.8852097645616399
1234	1234	0.009331408655102397
1235	1235	1.106262440732053
1236	1236	2.1824618268288374
1237	1237	1.027286462339095
1238	1238	0.17940001373358982
1239	1239	0.12947998851426754
1240	1240	0.6517830562644891
1241	1241	0.37100367436243237
1242	1242	6.710248852553134
1243	1243	0.3279346027620867
1244	1244	3.274260021375773
1245	1245	1.7643001359916832
1246	1246	1.684626236360537
1247	1247	1.4352105765849776
1248	1248	7.134249599675949
1249	1249	0.904625362199084
1250	1250	3.1015433641841814
1251	1251	1.6206842619460344
1252	1252	1.0071495086941575
1253	1253	6.223001677997463
1254	1254	1.8241789857248254
1255	1255	0.25320676139493786
1256	1256	1.0809867873111283
1257	1257	3.0426867482991184
1258	1258	2.3666875942704384
1259	1259	4.9619965111196365
1260	1260	0.6005281475157161
1261	1261	2.8392367083644183
1262	1262	1.231910137410316
1263	1263	1.704800530263907
1264	1264	6.204261366665611
1265	1265	7.753921853802473
1266	1266	3.955083896749323
1267	1267	0.8897545929018239
1268	1268	4.373177718365587
1269	1269	2.0355905916753927
1270	1270	1.1242265397449964
1271	1271	0.07279418624702234
1272	1272	2.9404663739559784
1273	1273	1.394734467841686
1274	1274	3.0853209814967233
1275	1275	2.7568333382961994
1276	1276	3.1555623146607443
1277	1277	0.7152112071555349
1278	1278	3.2268778021267037
1279	1279	1.5918945248164122
1280	1280	1.2823477965399042
1281	1281	2.2486351977249495
1282	1282	0.04318016087253746
1283	1283	0.21587614917129422
1284	1284	0.6911234648921429
1285	1285	8.147920673801885
1286	1286	0.3010546548928754
1287	1287	0.8027359280328621
1288	1288	0.10480479673087355
1289	1289	0.8047464267677593
1290	1290	0.7722848581457831
1291	1291	5.867663367820176
1292	1292	3.730649532334838
1293	1293	0.9650083749249702
1294	1294	0.050161944965085935
1295	1295	3.55608137498054
1296	1296	2.160775795467195
1297	1297	0.33060910242798336
1298	1298	11.078878635342742
1299	1299	0.21123984843401933
1300	1300	4.036535473618031
1301	1301	0.6970342311779104
1302	1302	1.1431106954458552
1303	1303	3.173949486181877
1304	1304	2.2633561062818557
1305	1305	5.556871548168341
1306	1306	1.941178788668443
1307	1307	0.20586063414354278
1308	1308	4.314553005966856
1309	1309	2.932022127112275
1310	1310	2.488690153398561
1311	1311	0.11046217434580038
1312	1312	1.0090998632337735
1313	1313	0.3664899327136255
1314	1314	3.4508640678924656
1315	1315	2.411472869335218
1316	1316	4.292489578330429
1317	1317	6.796908709854226
1318	1318	2.981067581459153
1319	1319	10.311235389929752
1320	1320	1.9078288498367166
1321	1321	0.07567291944279302
1322	1322	0.028708086557774487
1323	1323	0.8374164503403385
1324	1324	3.4685483670651527
1325	1325	4.021842511470336
1326	1326	6.478796392192399
1327	1327	0.1346773420385936
1328	1328	0.09118988174738604
1329	1329	4.890224426345631
1330	1330	0.7278212551276609
1331	1331	1.632833783805279
1332	1332	8.08481960931303
1333	1333	1.023146922439864
1334	1334	2.192458650223822
1335	1335	1.024585277386044
1336	1336	2.92371466098632
1337	1337	1.5003441619938416
1338	1338	0.5423662317222339
1339	1339	0.6330030542794521
1340	1340	0.5969716805274935
1341	1341	1.519943359013103
1342	1342	2.429319520680432
1343	1343	5.962865996193739
1344	1344	2.36891151458156
1345	1345	3.0391290062599396
1346	1346	0.37007315633734134
1347	1347	0.937009905668345
1348	1348	1.068121016565856
1349	1349	2.3191479008052496
1350	1350	0.7016469838974541
1351	1351	0.7227775630395463
1352	1352	0.8797688951317534
1353	1353	3.324644749835131
1354	1354	1.7235581715873487
1355	1355	0.15652269677729952
1356	1356	0.16295402091769354
1357	1357	0.9281606351934211
1358	1358	2.909926432550107
1359	1359	2.3338899264861075
1360	1360	2.461882098525745
1361	1361	2.9152376062473597
1362	1362	0.6769761301594148
1363	1363	1.589280510799415
1364	1364	1.567687655575475
1365	1365	2.69132237791292
1366	1366	6.287099327064484
1367	1367	0.6514324266204057
1368	1368	3.15279630063625
1369	1369	2.1574460862659866
1370	1370	1.73613417469078
1371	1371	2.982241410922149
1372	1372	5.765967028032133
1373	1373	0.07476296032779044
1374	1374	0.3189297897740852
1375	1375	2.82352985078158
1376	1376	0.17502231916047473
1377	1377	1.4518519699504626
1378	1378	0.4965657674821804
1379	1379	0.6412253053946256
1380	1380	2.420253287123257
1381	1381	0.06131592512751884
1382	1382	4.132173082466709
1383	1383	1.1756975729314187
1384	1384	1.3958905215463655
1385	1385	1.5532661276694124
1386	1386	2.0743437805305787
1387	1387	0.8458022311846393
1388	1388	0.2131836369412907
1389	1389	0.7665628023320306
1390	1390	0.36818733536546955
1391	1391	1.62446143052462
1392	1392	0.7655352058004576
1393	1393	6.343372834520711
1394	1394	6.747219565054182
1395	1395	1.9358306915904562
1396	1396	1.9220389647751188
1397	1397	8.450533293311262
1398	1398	4.365752736183624
1399	1399	2.8969349302768013
1400	1400	0.7525621067417828
1401	1401	0.9099590075117678
1402	1402	0.4494565270172784
1403	1403	1.335536443868549
1404	1404	9.285437201456842
1405	1405	4.864270625152428
1406	1406	0.25191897034476785
1407	1407	0.05102599107044761
1408	1408	4.578107480316618
1409	1409	1.5407914787890682
1410	1410	0.4467618794983701
1411	1411	2.239589745191212
1412	1412	2.0669032980280355
1413	1413	0.2604123843846132
1414	1414	0.6011300272993989
1415	1415	0.12391669583329494
1416	1416	0.47109146752294945
1417	1417	0.28383157262727393
1418	1418	0.4294489142990963
1419	1419	2.3133334875849716
1420	1420	0.10153369599284483
1421	1421	0.2148466507935605
1422	1422	0.288141792775527
1423	1423	0.7611775739322426
1424	1424	0.7097825308559089
1425	1425	0.5889133642853616
1426	1426	2.776886564254577
1427	1427	12.452134770034922
1428	1428	1.5270445435829583
1429	1429	5.772060237832628
1430	1430	1.0103834219515355
1431	1431	0.22562631726551233
1432	1432	1.0511132870625384
1433	1433	0.7023168712484713
1434	1434	1.3600945693550641
1435	1435	2.1403043557462356
1436	1436	1.2362657667660832
1437	1437	5.47168095941278
1438	1438	4.3215604306985576
1439	1439	2.4211732225937173
1440	1440	1.3454538502844924
1441	1441	0.28240670959544006
1442	1442	1.0117214943026462
1443	1443	2.437506595277494
1444	1444	0.6706252759817661
1445	1445	0.2196031195651759
1446	1446	4.769727175753257
1447	1447	2.4692132624657153
1448	1448	1.9104603876670285
1449	1449	3.145237330302793
1450	1450	3.6114657390792733
1451	1451	1.3212012191735674
1452	1452	4.2604299661666705
1453	1453	4.963878370963748
1454	1454	0.6336755873162035
1455	1455	1.8706686295679025
1456	1456	1.4955616905889362
1457	1457	1.5441460672872203
1458	1458	5.550403272723238
1459	1459	0.7282299699007082
1460	1460	8.20080312589156
1461	1461	4.64825524809692
1462	1462	1.227647821196885
1463	1463	3.401498097963008
1464	1464	2.9310820555442256
1465	1465	2.265755210628693
1466	1466	0.7708364606493459
1467	1467	0.4374342045736208
1468	1468	2.226605514890714
1469	1469	3.7026788029592392
1470	1470	0.032772627992935864
1471	1471	2.058937758752752
1472	1472	1.1699242041163698
1473	1473	4.567286360777393
1474	1474	0.7756618098614726
1475	1475	1.28561096419419
1476	1476	1.4462526108743148
1477	1477	0.30266818347550967
1478	1478	2.495795763383444
1479	1479	3.549525610180559
1480	1480	0.11930740003173207
1481	1481	0.6888966196866002
1482	1482	0.07757455179448389
1483	1483	6.272017512223645
1484	1484	2.200239773269037
1485	1485	6.659638204516263
1486	1486	1.5164139292764607
1487	1487	3.2396687769361616
1488	1488	0.9381328854996144
1489	1489	0.8733513581872859
1490	1490	0.950491706181241
1491	1491	2.1450830107813688
1492	1492	0.8908660318713004
1493	1493	4.612532753307881
1494	1494	8.181685208500676
1495	1495	0.0617980214339383
1496	1496	0.4304085280593293
1497	1497	0.23813019761810153
1498	1498	0.08657516126945596
1499	1499	0.5168705687594016
1500	1500	1.1840472094655246
1501	1501	3.6278919425276817
1502	1502	0.5016051970304972
1503	1503	1.3622208503118463
1504	1504	5.307656473149916
1505	1505	2.2005155241545347
1506	1506	3.199757690050741
1507	1507	1.6014379237981369
1508	1508	7.871244463131377
1509	1509	1.7766807881504774
1510	1510	0.09315772113025446
1511	1511	0.4412504497729718
1512	1512	1.0376269805143152
1513	1513	1.8389775431813256
1514	1514	2.9562129657378136
1515	1515	1.0657543841438337
1516	1516	2.4761508559869445
1517	1517	3.120053054992362
1518	1518	0.7632829085891516
1519	1519	7.752369863506741
1520	1520	2.0976823272296885
1521	1521	4.257230980177042
1522	1522	1.623580771751132
1523	1523	2.7065170634585645
1524	1524	2.9440885150553893
1525	1525	4.777340254370539
1526	1526	0.32586098570110883
1527	1527	1.6341736674664178
1528	1528	1.1185564856908508
1529	1529	5.13203440532792
1530	1530	0.2220747398700946
1531	1531	8.099571094180392
1532	1532	4.166117336696985
1533	1533	0.1533869220565342
1534	1534	1.350482448833281
1535	1535	2.5285747416010516
1536	1536	2.6799787224756146
1537	1537	4.739462025962664
1538	1538	3.217530633177922
1539	1539	0.744825937159581
1540	1540	1.3800432837475243
1541	1541	2.4198862689012928
1542	1542	0.29801382659567394
1543	1543	0.4313202383424084
1544	1544	1.3118663748534831
1545	1545	0.7083441537520082
1546	1546	3.9691247245270525
1547	1547	1.7651187767157748
1548	1548	0.8574629595116928
1549	1549	3.7787405248082804
1550	1550	3.26826514773409
1551	1551	12.819880371730628
1552	1552	3.7586608345929307
1553	1553	1.0704297253436967
1554	1554	0.2727826865347889
1555	1555	3.673190368422544
1556	1556	0.12323580557922031
1557	1557	0.862400490462306
1558	1558	5.04491751173238
1559	1559	6.476447256924862
1560	1560	2.046441587925055
1561	1561	2.333664384267531
1562	1562	0.08676405539951698
1563	1563	1.4450709999579612
1564	1564	1.583144399635478
1565	1565	0.8313362025115805
1566	1566	0.14212610013004096
1567	1567	0.519894135768339
1568	1568	0.8862839102795125
1569	1569	1.1423617659729084
1570	1570	1.7877219676221192
1571	1571	2.5630869971528303
1572	1572	0.7643719830135897
1573	1573	0.7978344643850316
1574	1574	0.03977621305520583
1575	1575	0.08346744523193572
1576	1576	0.5963315210335702
1577	1577	2.6960327819180088
1578	1578	1.979410821604952
1579	1579	2.937518178244089
1580	1580	2.929977736577036
1581	1581	3.8837810246312023
1582	1582	2.5482131240871895
1583	1583	7.727505857801965
1584	1584	4.581811511544048
1585	1585	1.7672461857236728
1586	1586	1.7742293964921845
1587	1587	0.06973584454804892
1588	1588	13.040334988876646
1589	1589	0.2821504025867073
1590	1590	2.696819824059724
1591	1591	3.4409087314145466
1592	1592	0.9337914214400884
1593	1593	0.4384326824802672
1594	1594	0.20796712105951518
1595	1595	2.761467745296508
1596	1596	1.2053465505133598
1597	1597	2.5015541962915737
1598	1598	4.93982285683437
1599	1599	0.3170157014014727
1600	1600	5.030838951823615
1601	1601	1.0607865196782262
1602	1602	0.7284553882772291
1603	1603	5.73159379881858
1604	1604	9.345119958982758
1605	1605	0.4435195627498135
1606	1606	2.139107302308124
1607	1607	0.2252073991925039
1608	1608	2.1048739596958304
1609	1609	3.512551781433871
1610	1610	2.3071839802294125
1611	1611	1.0802793663339272
1612	1612	0.9659876256561768
1613	1613	0.9988563615749996
1614	1614	1.781790966492439
1615	1615	4.266820319069769
1616	1616	5.292015257694375
1617	1617	0.11003120656684388
1618	1618	0.4008628573113779
1619	1619	0.2380723516309193
1620	1620	0.4296927385725174
1621	1621	0.851155467361756
1622	1622	1.4125932440254165
1623	1623	1.9855943785476784
1624	1624	2.634598215514656
1625	1625	4.416578880493098
1626	1626	9.035864494792603
1627	1627	2.1744931192766233
1628	1628	3.733369330142696
1629	1629	3.0105057971380247
1630	1630	0.734986616021499
1631	1631	4.169990192069416
1632	1632	0.08740882679338216
1633	1633	0.0007348224774031576
1634	1634	0.6396741057523708
1635	1635	1.2401560341785987
1636	1636	2.0342280846908523
1637	1637	0.21465883099383434
1638	1638	2.2356521977714103
1639	1639	3.2371174321831298
1640	1640	0.4099023797464686
1641	1641	1.0727151309977092
1642	1642	1.4678758092770423
1643	1643	1.202255794493244
1644	1644	3.2171758564308197
1645	1645	6.464043617798647
1646	1646	3.2084347663642725
1647	1647	0.1624045314666999
1648	1648	3.2688507516084355
1649	1649	0.13783503201438924
1650	1650	0.5382974555881186
1651	1651	0.33233798183288454
1652	1652	0.4400944668308181
1653	1653	1.5028883168789127
1654	1654	2.2275931225801164
1655	1655	1.27096929866431
1656	1656	6.422591206420425
1657	1657	0.5496431026202295
1658	1658	2.880574003605431
1659	1659	4.083246369000239
1660	1660	1.6513746355882177
1661	1661	1.2184302535054576
1662	1662	1.8135941134121922
1663	1663	1.1200659454509945
1664	1664	1.6202335647418866
1665	1665	1.078909618778862
1666	1666	1.0232175616873553
1667	1667	2.3771602183615954
1668	1668	0.1948975987932185
1669	1669	0.3643441104889064
1670	1670	3.8102837718067777
1671	1671	2.9487421829992204
1672	1672	0.6610503474392755
1673	1673	0.9472810540267319
1674	1674	5.208096895256499
1675	1675	3.4083459921883104
1676	1676	1.9056309248074224
1677	1677	0.5007473444974965
1678	1678	0.09052193798476382
1679	1679	1.1286562109144942
1680	1680	2.2333110215071565
1681	1681	3.5261165218653625
1682	1682	3.830418639507032
1683	1683	0.06665012808432308
1684	1684	0.5598432821883155
1685	1685	0.8282890968563925
1686	1686	0.4183141665302546
1687	1687	3.248853150258365
1688	1688	2.9174356184942516
1689	1689	1.4547860259426182
1690	1690	8.140452872652462
1691	1691	0.311106588607707
1692	1692	4.598216355503996
1693	1693	0.24764479374538764
1694	1694	0.35629664695026786
1695	1695	2.382897782231944
1696	1696	0.23210088202520157
1697	1697	1.6687077711304619
1698	1698	1.0902598112347317
1699	1699	2.607394506024196
1700	1700	4.618720763204323
1701	1701	2.938234988323936
1702	1702	3.7901092573554513
1703	1703	0.06700074403779564
1704	1704	0.7426941046505665
1705	1705	1.4489994984255965
1706	1706	1.0755487172931306
1707	1707	0.5259918055651455
1708	1708	0.7359748010985964
1709	1709	5.816577560905499
1710	1710	0.6967925561969506
1711	1711	0.8736146999218085
1712	1712	0.007433344053277207
1713	1713	3.7296622173265335
1714	1714	0.3364603054149516
1715	1715	0.45667472042204366
1716	1716	0.5894523602988473
1717	1717	4.3190841540279905
1718	1718	0.4624810148527274
1719	1719	3.1942911560699
1720	1720	3.301033841656106
1721	1721	5.235155283467877
1722	1722	0.2456041757064679
1723	1723	0.4899578659741855
1724	1724	2.7165670434337654
1725	1725	0.4363138959274679
1726	1726	0.6746679468651553
1727	1727	0.3648229139369788
1728	1728	0.3791677743588636
1729	1729	1.3138363169878486
1730	1730	0.23235553932524655
1731	1731	0.7763241999985907
1732	1732	1.1123222080633757
1733	1733	0.04970889024325251
1734	1734	0.9831350687356056
1735	1735	0.19770224247702997
1736	1736	1.360772027999643
1737	1737	3.4943928943489406
1738	1738	3.412141717416412
1739	1739	0.16773848940505087
1740	1740	1.838729692624282
1741	1741	3.598612331742994
1742	1742	0.5435453821009611
1743	1743	2.870351755100259
1744	1744	4.428495542500685
1745	1745	3.281074561313111
1746	1746	0.2270117125964429
1747	1747	0.018202581814442263
1748	1748	0.42570366124931214
1749	1749	0.630729700855655
1750	1750	1.9151787560743043
1751	1751	0.9699037602226873
1752	1752	2.4307891074898733
1753	1753	0.8710496996096291
1754	1754	0.33547782375484253
1755	1755	0.7499392471073156
1756	1756	4.31392811282979
1757	1757	6.365683070037321
1758	1758	0.46515768316721096
1759	1759	3.106761642663542
1760	1760	0.6386172183299794
1761	1761	4.3630644790495
1762	1762	0.3619543924144718
1763	1763	2.1929885785906413
1764	1764	0.17593915848457214
1765	1765	7.291128421838966
1766	1766	2.4121723694875588
1767	1767	3.6879894382971448
1768	1768	1.6725083839609767
1769	1769	1.2955881714804292
1770	1770	1.9450999957546315
1771	1771	1.5046970561465454
1772	1772	1.2674347049972308
1773	1773	2.849656712363635
1774	1774	0.3925187690856674
1775	1775	0.37548536472819843
1776	1776	1.1307137502417464
1777	1777	0.7735259253135028
1778	1778	0.15403104393249567
1779	1779	3.721839611999654
1780	1780	2.953338179559889
1781	1781	1.5701806694578546
1782	1782	7.757615313827688
1783	1783	0.15074075756391098
1784	1784	2.9105970455800807
1785	1785	0.6195019969046931
1786	1786	0.9196279845714145
1787	1787	0.49507584134989063
1788	1788	3.112153484041092
1789	1789	0.31153087040353333
1790	1790	3.665371660079539
1791	1791	2.1669212042021675
1792	1792	0.12167368486414239
1793	1793	3.3318232207867022
1794	1794	1.9764099264914718
1795	1795	4.7073845899923805
1796	1796	2.762393204867573
1797	1797	1.6470627299380154
1798	1798	3.6224617935328407
1799	1799	0.651599449289833
