0	0	1.4902199511120924
1	1	2.1130302122257048
2	2	4.5121508681785345
3	3	0.8773002299258902
4	4	1.9530254756781573
5	5	5.761306624026759
6	6	0.5712588664002057
7	7	2.4532394904648673
8	8	0.747154712041875
9	9	3.9220551703215896
10	10	2.880393736116405
11	11	1.4125572530708348
12	12	0.5194954778671583
13	13	0.33936502120022227
14	14	1.4959558568976372
15	15	2.564338160828721
16	16	0.6835285683102841
17	17	1.1160021815418966
18	18	0.4564216227116935
19	19	2.042295298483618
20	20	10.038132012570713
21	21	3.601226298093455
22	22	1.1175897887538977
23	23	1.1832505673304141
24	24	0.04259558986651073
25	25	0.5442536909715389
26	26	1.140352676012049
27	27	0.011048687326574436
28	28	0.40472979756549055
29	29	0.5330490071940648
30	30	1.9360515068171416
31	31	0.9504626562933616
32	32	0.1605650742759124
33	33	1.8261936091032775
34	34	5.562123384000912
35	35	3.6786747848319283
36	36	2.5316005328883446
37	37	6.571407972016851
38	38	4.263271359783822
39	39	2.5383271517538937
40	40	4.228478876022021
41	41	0.11034892207782054
42	42	0.9908435650290466
43	43	0.8238285572972546
44	44	1.9271515788945373
45	45	0.0161558973480366
46	46	1.2829022406821802
47	47	1.3092809563451533
48	48	0.6404198138274508
49	49	4.919374323097545
50	50	5.196057925042134
51	51	1.4846339259268078
52	52	0.25872250394729385
53	53	0.7386208356928644
54	54	5.396923380508986
55	55	3.3809401004695676
56	56	0.04608109350141881
57	57	0.6850988471091913
58	58	0.036335445275252794
59	59	0.1755051819205911
60	60	1.186636065052982
61	61	0.1963897989172875
62	62	1.5763924024859017
63	63	0.4622996558488278
64	64	4.026910280016408
65	65	1.053545964392882
66	66	3.2260092753002167
67	67	0.776140733405553
68	68	2.5399032502466548
69	69	2.827847739543112
70	70	0.12354548860447705
71	71	0.8140642603216712
72	72	0.5211571098386305
73	73	1.0903022522991106
74	74	0.9116358034750991
75	75	2.628907667785724
76	76	1.3590220232977575
77	77	6.824158360391804
78	78	2.012968451009298
79	79	0.9114935536245432
80	80	0.898628364125796
81	81	0.4447374480453016
82	82	0.561079563939558
83	83	1.97952866998561
84	84	0.36631930203021573
85	85	2.2215971196383655
86	86	0.9921769210157009
87	87	1.1304049456974694
88	88	3.102163849755944
89	89	0.1928690944128497
90	90	4.375420369077206
91	91	2.704966778649599
92	92	0.212852844449423
93	93	3.075446378195867
94	94	2.4396163927807026
95	95	4.766276447709926
96	96	0.7592430136748078
97	97	2.4134320020273905
98	98	0.7921454991920693
99	99	0.926204886805061
100	100	0.2065749909334131
101	101	0.4263412305580288
102	102	1.4949928699947403
103	103	2.9897428311577596
104	104	2.7285427882683146
105	105	3.445327325805708
106	106	0.2778486187499355
107	107	3.223686407069953
108	108	0.4810512777284788
109	109	2.465445326762854
110	110	1.7036293745165405
111	111	2.829287388553855
112	112	6.173723158592935
113	113	1.6149489690388266
114	114	0.417145103691224
115	115	2.578680882067247
116	116	1.4547906877307437
117	117	0.18820501423011307
118	118	1.095551727284261
119	119	0.999251555664816
120	120	3.2018966086338443
121	121	3.4856777159811716
122	122	1.0109249590580347
123	123	1.374036803709208
124	124	2.097718706173739
125	125	5.100285577750371
126	126	0.8168952563271038
127	127	1.2864975901339064
128	128	0.9023326182005668
129	129	1.274342764282869
130	130	2.644726896738181
131	131	3.68607634895545
132	132	1.0502856701867997
133	133	0.6452927556681088
134	134	4.125137840245413
135	135	9.027875250442298
136	136	0.6459909088493511
137	137	0.15482515503856922
138	138	1.4219216580042098
139	139	0.34272703617568423
140	140	1.6536395622411173
141	141	0.647727912601151
142	142	0.87144999854326
143	143	0.4827783680700783
144	144	3.3368625243993613
145	145	3.9269626197097907
146	146	0.005080610053832216
147	147	0.7973844191888801
148	148	1.0334711704689956
149	149	1.1177481316616285
150	150	0.07611192598783169
151	151	0.25669920224533677
152	152	0.6939131743549981
153	153	3.498128339065804
154	154	0.6320558984534236
155	155	0.48064324907397105
156	156	1.775740244803113
157	157	1.450376573878105
158	158	2.317227823128392
159	159	1.721915372009815
160	160	0.3017522711153624
161	161	3.1850354593009693
162	162	0.8504356408939452
163	163	2.525510445192621
164	164	1.9476257066881746
165	165	1.536954901897032
166	166	7.413809045283955
167	167	1.3294282601367409
168	168	3.1765283666477604
169	169	0.0008433536973336392
170	170	0.1578732887630365
171	171	9.410723859306191
172	172	0.8740394240911783
173	173	1.7473501529020266
174	174	5.674802618562512
175	175	0.4635774343546516
176	176	0.6558407954392899
177	177	1.4211696384937356
178	178	0.21455271467654458
179	179	0.257114047613788
180	180	7.689325909161647
181	181	0.4221225864321766
182	182	1.2975692912140602
183	183	1.287760385703885
184	184	1.9016517847573629
185	185	0.21077936795421154
186	186	2.755402043980803
187	187	2.4588156421525844
188	188	1.4466652834739135
189	189	4.032909162065152
190	190	0.6692061819496032
191	191	0.6351212334088296
192	192	1.274316690664915
193	193	0.9733294163515674
194	194	2.8254165096752097
195	195	2.3056057687346687
196	196	0.32103466752192095
197	197	0.3017482131714494
198	198	3.8164572454279355
199	199	2.141387808820726
200	200	1.6641550961407525
201	201	0.008439436902053154
202	202	1.386278983350095
203	203	1.2502114896880039
204	204	0.4775327420908832
205	205	4.21865496848664
206	206	1.1087373462767427
207	207	0.5815474342992573
208	208	4.573781798330604
209	209	0.39497257086311766
210	210	2.419738246270547
211	211	1.9041781283928274
212	212	1.1873852285034083
213	213	1.740452833824346
214	214	3.7604857545632857
215	215	4.503924024734459
216	216	3.942018979574962
217	217	1.0603125444712242
218	218	3.1450543638425605
219	219	2.3190187686284056
220	220	1.2026103406559698
221	221	3.796288243131401
222	222	1.0419770806306725
223	223	0.6861208677229591
224	224	1.5159214391505884
225	225	2.1248110227710537
226	226	0.0605653688277166
227	227	0.35474147494174413
228	228	0.8101404187416437
229	229	1.290199101345119
