0	0	1.4282238051376348
1	1	2.019360586662346
2	2	0.3591485734669826
3	3	0.6142400913507383
4	4	0.4320033481486392
5	5	0.2718610965066943
6	6	2.53720998565445
7	7	1.76742972748137
8	8	2.4851232100839535
9	9	0.3513111903861679
10	10	0.7361204323723192
11	11	3.909746059988434
12	12	1.046061858436987
13	13	0.393308730185123
14	14	0.39675227967720633
15	15	5.999620704140899
16	16	1.8118974947393711
17	17	0.15365144175012388
18	18	2.7597110174161217
19	19	1.5871878800391621
20	20	1.148904486701116
21	21	0.5620298416705012
22	22	0.7283993743628823
23	23	0.07572645080902066
24	24	5.294103439131468
25	25	0.14469468400565555
26	26	0.2793330066695358
27	27	5.641067382972758
28	28	0.3539967330208177
29	29	3.3450360780686896
30	30	5.773172653752627
31	31	0.9711061138955083
32	32	1.8180199411095903
33	33	0.4428625327909952
34	34	1.9546336147745693
35	35	4.663482276264808
36	36	1.0285113095735723
37	37	0.6863239493208279
38	38	0.055820712406622404
39	39	0.9692910819907238
40	40	0.05520551550583854
41	41	1.6902033800463898
42	42	3.98068257301475
43	43	5.869606590849531
44	44	0.7468374833588503
45	45	0.6055044078005398
46	46	0.5362153926333099
47	47	4.9178121346761765
48	48	0.5961537098264059
49	49	0.07963717793675924
50	50	2.296810801675383
51	51	5.617139438909103
52	52	1.532431511420709
53	53	0.5579347095797716
54	54	1.7904266414001333
55	55	0.09079999084677079
56	56	1.2691717777777594
57	57	1.082624016676484
58	58	1.905623587731187
59	59	1.7180879920136307
60	60	3.122884356820576
61	61	1.3259057529201188
62	62	3.6539736078389713
63	63	3.915633485208714
64	64	0.8871473933711304
65	65	0.680657755321557
66	66	1.129124494936867
67	67	0.9309480510730475
68	68	0.6983115375846187
69	69	0.6867344636958661
70	70	0.4102501517229977
71	71	2.237093460150597
72	72	1.9289880173253238
73	73	1.3642716469759582
74	74	11.995170215424487
75	75	0.8243464290326962
76	76	0.2495108850801987
77	77	0.4292161227701934
78	78	1.208542772410484
79	79	3.548022653318777
80	80	0.6180590312196598
81	81	0.7263554415823538
82	82	2.687409165138037
83	83	0.09988044550319758
84	84	3.1151895968449335
85	85	0.8665952288259748
86	86	0.6962375473177308
87	87	2.2539296423591684
88	88	0.1996854900493391
89	89	1.318067372923209
90	90	0.3543206827244397
91	91	0.35103291343053533
92	92	1.4465866010566144
93	93	0.06527188095718008
94	94	3.16941512269371
95	95	0.5395358198288853
96	96	3.619999199314208
97	97	0.8235138913489498
98	98	1.2426601375884387
99	99	0.33741312980972804
100	100	10.097737634764028
101	101	0.9518206902707793
102	102	0.36230135260481816
103	103	1.5486152524105505
104	104	3.3659492512260045
105	105	7.271904864401826
106	106	2.222497482761568
107	107	2.474594726833858
108	108	0.08522221187156202
109	109	0.009889089581337674
110	110	0.8948701715927515
111	111	0.7419052692488982
112	112	2.432227842638957
113	113	0.15514221353065588
114	114	0.012296480755910878
115	115	3.2250128006728906
116	116	0.935866401400979
117	117	3.064609942116704
118	118	3.6415946438980273
119	119	10.065401638923456
120	120	4.0173728381769935
121	121	0.4455118025629105
122	122	1.5832893807449369
123	123	1.825268387922395
124	124	1.0854382270343002
125	125	0.9427483829922978
126	126	0.055715445014663745
127	127	1.0866326204888208
128	128	0.6791682412224147
129	129	0.28560500665752414
130	130	0.6558636754766249
131	131	0.42109917101045646
132	132	0.254598625796144
133	133	2.981483249388486
134	134	0.5202410054972783
135	135	1.0295094746512918
136	136	3.9151669830177904
137	137	0.4576183085546339
138	138	8.467114532374708
139	139	0.6631770949751538
140	140	2.656835112880466
141	141	0.02867260953923695
142	142	1.4664386992487837
143	143	2.439815833264076
144	144	2.2873855361618545
145	145	4.992591853661044
146	146	2.53658798983875
147	147	1.1050285645638966
148	148	0.06698557389921701
149	149	0.15378107619303727
150	150	1.6660245348749172
151	151	5.4357881605444245
152	152	0.2520423310854119
153	153	0.17918740289362892
154	154	1.2001657937385344
155	155	1.021277162083997
156	156	0.7648097991466789
157	157	2.467837690948195
158	158	2.577462472898945
159	159	9.13924155758545
160	160	0.7369362978181812
161	161	0.8924592565817491
162	162	0.8378734861973313
163	163	0.5338786923254524
164	164	1.238872628065988
165	165	0.9162763236847654
166	166	5.739066973740585
167	167	4.478255906411798
168	168	3.954707040488433
169	169	1.963944531662399
170	170	4.607988005707773
171	171	3.3362928322075236
172	172	2.155349724303833
173	173	4.479531242114729
174	174	2.61586647617407
175	175	0.38170938488004663
176	176	0.49180689391113547
177	177	2.5275994621867937
178	178	0.08331508390595832
179	179	0.2889754693441545
180	180	2.9961105935321446
181	181	0.49663002526804284
182	182	0.42539797430944193
183	183	0.34374329967649064
184	184	0.0433736937305035
185	185	6.873067010784633
186	186	1.147374846382085
187	187	1.7138530104051333
188	188	2.0932889442761264
189	189	1.3097576115336294
190	190	0.20129827306143755
191	191	0.9926332220251726
192	192	2.2100888304651907
193	193	6.634947234952524
194	194	0.23314480519781242
195	195	3.1201048706938
196	196	2.5998590370362127
197	197	1.6835201554400103
198	198	0.7090676972612454
199	199	6.413629234272217
200	200	1.3465262435901313
201	201	4.810325075864348
202	202	2.320838519079375
203	203	0.535561686279111
204	204	0.8225791882889628
205	205	0.5693699223596599
206	206	2.304092068790039
207	207	1.4877823275044226
208	208	3.0600830865002724
209	209	5.335446971787881
210	210	1.1416209942621685
211	211	2.2038412839441897
212	212	1.7485193041330187
213	213	0.46576979701027615
214	214	2.0685325207382106
215	215	2.1010774157304977
216	216	3.3621363799778643
217	217	0.3597472275650853
218	218	2.7481688010996486
219	219	0.6761763436467704
220	220	7.593431344412457
221	221	2.209824632513622
222	222	2.195340371048051
223	223	1.3803361655971147
224	224	2.325294800906777
225	225	3.263270170295193
226	226	2.5743958954653277
227	227	2.7344509606886365
228	228	2.7659005529960066
229	229	0.4443429161571847
230	230	1.2037381280995805
231	231	5.10452072028737
232	232	4.371534205576484
233	233	8.117219707164482
234	234	0.326372675742029
235	235	0.4280239856766157
236	236	0.05371300937899773
237	237	4.843705472597635
238	238	2.346287735080396
239	239	2.5172231588559772
240	240	0.8534800608670182
241	241	4.77575296565877
242	242	1.5513871447622283
243	243	0.5412289611503837
244	244	1.4250978078981509
245	245	0.4314058590344719
246	246	0.4328068166806768
247	247	1.8893353464941964
248	248	0.8259445926450613
249	249	4.614650274607476
250	250	2.406429299557427
251	251	6.286893604376855
252	252	2.283247380029584
253	253	0.35675295625504255
254	254	0.5016769478951703
255	255	0.6743474099829195
256	256	1.201631834244511
257	257	5.807302064655183
258	258	9.673041193692733
259	259	0.37553182456612444
260	260	6.737663869176656
261	261	4.3441814729708845
262	262	2.813197153448809
263	263	2.192534323781989
264	264	1.6550655738936455
265	265	1.5189824302430388
266	266	0.05399816260468286
267	267	1.1977262408739737
268	268	0.20937842272277843
269	269	2.8894293547356127
270	270	0.15609414958483359
271	271	0.5208395903865731
272	272	1.6906489935834401
273	273	0.14598660204321315
274	274	1.3002526735502706
275	275	2.5819720143163827
276	276	2.468961114282165
277	277	0.07075300733150335
278	278	2.227597736492379
279	279	0.9954727876102197
280	280	0.3627664777805307
281	281	6.4208792561867005
282	282	0.24354386845726447
283	283	2.272225706992261
284	284	0.2146810393298399
285	285	0.05945750243317213
286	286	0.4192816399923236
287	287	9.706422596373221
288	288	1.2364529444708117
289	289	4.846987182715877
290	290	3.0453299488220096
291	291	4.940861966894745
292	292	0.28242864940628065
293	293	3.425293250919509
294	294	3.021104830730484
295	295	1.2934098181228517
296	296	5.7543820427057435
297	297	9.662825377278212
298	298	1.177026878352824
299	299	2.225468313529701
300	300	0.5187024225223742
301	301	0.10700907447495636
302	302	2.004396930347726
303	303	0.5750917390351037
304	304	0.6445287289971297
305	305	3.400418714795414
306	306	0.4226262755570552
307	307	2.8037966919694894
308	308	3.1466617703976456
309	309	7.710518977668705
310	310	0.44675961253651303
311	311	1.32472483884416
312	312	0.10674062871676879
313	313	2.8603095386492137
314	314	0.891355090676385
315	315	2.0106343986314172
316	316	2.131979046632238
317	317	2.078787224728638
318	318	3.293023759656824
319	319	3.641003864667306
320	320	1.5757263199646503
321	321	4.334918945592774
322	322	4.814629452580207
323	323	1.3814864260265531
324	324	0.6075333358878443
325	325	0.49614852886844923
326	326	4.7495226674070175
327	327	2.743488877457162
328	328	1.410487186775579
329	329	2.009402139186044
330	330	0.4750308428640291
331	331	1.1599281220090754
332	332	5.760502090093565
333	333	1.142514958992133
334	334	3.254500419874594
335	335	0.7115692797227917
336	336	1.374164563689512
337	337	1.0412025330981058
338	338	0.2869930848640722
339	339	4.203424093336173
340	340	0.49942740906041244
341	341	1.3159140527313267
342	342	0.07860463818972059
343	343	0.0298220894544053
344	344	1.0197587451731516
345	345	2.7338975027125794
346	346	0.1727666602981397
347	347	3.0867897763814405
348	348	2.376346359983585
349	349	0.9353507856053764
350	350	5.393623006379668
351	351	3.1287122391506115
352	352	0.5899618200048434
353	353	0.4954681286727581
354	354	1.2406892475353075
355	355	1.2922527886632378
356	356	0.4781698922473884
357	357	1.9637014661555379
358	358	2.8210565189823473
359	359	0.31783572743818866
360	360	3.2474094021923805
361	361	4.957266518550446
362	362	5.234467758210279
363	363	0.8715783340285594
364	364	0.6957973918842898
365	365	0.9772479972661725
366	366	4.634075919481464
367	367	1.280512240857221
368	368	2.7106529594321356
369	369	3.5382045629696663
370	370	2.425135943746359
371	371	1.6973362558272722
372	372	2.382234174083657
373	373	0.5454007284385707
374	374	0.5449143926431712
375	375	0.18193527249747102
376	376	0.8328667066803203
377	377	2.602412542852173
378	378	0.9504116352524911
379	379	0.5821905862983244
380	380	0.05646987767236394
381	381	0.4553078470633097
382	382	5.91442630183064
383	383	7.299738764192678
384	384	6.366898198926264
385	385	2.0744722285130623
386	386	1.5950358674119216
387	387	0.45994812039143057
388	388	3.4761379160161696
389	389	3.822085671170379
390	390	0.2355082414492438
391	391	2.0256882936917004
392	392	0.792704472445838
393	393	2.0037208865696288
394	394	3.17625082379499
395	395	1.5356273882146312
396	396	1.1304829375496195
397	397	2.266862682524506
398	398	6.965756148934093
399	399	1.2359219991280501
400	400	0.5028971512458799
401	401	0.30112972473531885
402	402	1.943662739267765
403	403	1.526510414376972
404	404	1.561564476688885
405	405	7.32530280894648
406	406	0.8638931755915656
407	407	3.176369926788139
408	408	1.8632160909030713
409	409	2.6697983601362454
410	410	6.822075384082223
411	411	1.4650170912590201
412	412	0.4888363727430207
413	413	3.4971929749407162
414	414	0.8878924470787286
415	415	1.9143759062414092
416	416	1.1940279864338026
417	417	0.043196182826753346
418	418	3.212772492049417
419	419	1.267269202524527
420	420	0.4099117768088869
421	421	3.599470886663416
422	422	1.1860193109235913
423	423	0.5798368310838669
424	424	2.559246370692943
425	425	1.4597194014507582
426	426	1.310248561581168
427	427	0.0783444013624173
428	428	2.81840885025193
429	429	2.976389431884936
430	430	1.5973130236324384
431	431	0.5110232717278618
432	432	0.7874426367288965
433	433	0.6612600015727162
434	434	0.6552750160394774
435	435	1.2117389522217406
436	436	2.8741073492845235
437	437	2.29097132495073
438	438	1.3084362701510357
439	439	2.410425363270906
440	440	2.6879179494840657
441	441	3.659679012021274
442	442	0.3611472884314489
443	443	0.2803808124565348
444	444	2.701907941926631
445	445	9.747408765717047
446	446	3.849707001065283
447	447	1.5062423122547919
448	448	1.6905946182483331
449	449	0.8014259545722912
450	450	0.26911075593507455
451	451	0.06569193824578773
452	452	1.414169259342815
453	453	0.5879022408339482
454	454	1.2962376238500515
455	455	4.217379414086856
456	456	1.8770981897166221
457	457	0.8676284284080915
458	458	4.802492773626639
459	459	1.6690742488774144
460	460	0.47671008950386207
461	461	0.13102946066117882
462	462	1.137566935439259
463	463	2.6634191924077455
464	464	0.0032447233151592816
465	465	0.233849615588368
466	466	3.370947421722232
467	467	7.562831938522473
468	468	1.0929554636578669
469	469	0.4269425533623957
470	470	3.7201045790413687
471	471	2.3728714492883936
472	472	0.910366950918748
473	473	2.4714887554508604
474	474	5.005507698630478
475	475	1.2274918651000786
476	476	1.5706379190386066
477	477	1.6387524552725583
478	478	0.5962949731400392
479	479	3.3023456639535356
480	480	2.3506039329116506
481	481	7.198494053280308
482	482	2.322684228239129
483	483	0.051754298716113346
484	484	0.5861379003758903
485	485	0.12440972085497035
486	486	2.6852648419398837
487	487	4.211834263998904
488	488	1.0929410949922511
489	489	0.13529152282163293
490	490	1.2470012028440873
491	491	0.9390316679519631
492	492	0.4235375468673236
493	493	4.639694754904247
494	494	8.727468385251605
495	495	0.3233822301030232
496	496	2.6078214929158605
497	497	0.958494162029224
498	498	1.3702015880612477
499	499	0.9344272731426952
500	500	0.11711718976076933
501	501	0.7949708555457565
502	502	0.031542034387039806
503	503	0.35375876088990654
504	504	1.7439683591821937
505	505	0.7453488071455318
506	506	1.5572283586218723
507	507	3.39387777594086
508	508	1.2185787525739074
509	509	5.342546686409986
510	510	0.46207934929366845
511	511	0.322760191292024
512	512	0.9607975170577594
513	513	2.118622458435831
514	514	2.0052396033636612
515	515	0.24440056663190268
516	516	0.17549989291809062
517	517	0.08421977292678601
518	518	0.11488707744108154
519	519	0.16254077238743184
520	520	0.2768994438215982
521	521	4.290861734958531
522	522	1.093731829783028
523	523	2.0496621611747288
524	524	0.8748887447593487
525	525	0.24128923775548805
526	526	3.91169705603573
527	527	3.3089507789363446
528	528	0.0007981692612313269
529	529	8.49627161710162
530	530	4.639287529075013
531	531	0.09622260530652907
532	532	1.2376892870077414
533	533	1.4988091445114364
534	534	2.7238091643564237
535	535	0.4028389384290383
536	536	0.9801914609704078
537	537	0.3532517249118541
538	538	0.6034843468986938
539	539	1.772175196530956
540	540	4.073832699505824
541	541	0.00433343047855298
542	542	1.1944581673158354
543	543	0.680147303123418
544	544	1.299668788216569
545	545	1.0073607262681112
546	546	1.9579163586258226
547	547	6.92491912223796
548	548	1.1768240494439102
549	549	1.6373705089546426
550	550	4.901293519512445
551	551	2.210512483774105
552	552	0.07919438753216922
553	553	2.618979202335554
554	554	1.4996482768595292
555	555	0.7434846284403855
556	556	0.6881484746909542
557	557	5.321893247969225
558	558	0.6978694367486962
559	559	4.719607073877377
560	560	0.28586777174289824
561	561	2.4650963085111774
562	562	0.7631622278668095
563	563	1.3884769697833381
564	564	2.972990524351193
565	565	4.013222397378402
566	566	1.9061087917255017
567	567	0.11264047224471932
568	568	0.39695818854277354
569	569	6.103485701550896
570	570	2.446331675118509
571	571	0.8958538378811962
572	572	1.5573663725961286
573	573	1.1253269161070354
574	574	2.553437334856597
575	575	0.9444770990327127
576	576	0.4010478507676293
577	577	2.021527070081596
578	578	0.16246375544676778
579	579	0.28196219945986145
580	580	0.6725390410206289
581	581	2.585263942406188
582	582	1.8906075847028676
583	583	13.366520687938468
584	584	5.541177076573389
585	585	8.591287387728508
586	586	2.1390239449975637
587	587	0.6915639065566844
588	588	2.670379241207361
589	589	3.7717800238778674
590	590	4.517638689646167
591	591	0.28013533625603837
592	592	1.1712927153985826
593	593	0.8310660270789398
594	594	4.387126319958037
595	595	0.7290303352960771
596	596	1.366055645428542
597	597	1.6395025683841995
598	598	3.8571324615095732
599	599	0.04837475118373744
600	600	1.9019916429438564
601	601	9.295860487296324
602	602	2.5656991137297567
603	603	4.771293003521599
604	604	0.5722888216310796
605	605	1.828279744370767
606	606	4.266540052416612
607	607	0.06762253736300715
608	608	0.06889828660409021
609	609	3.059442867052917
610	610	3.3520814519829067
611	611	0.7133884939327512
612	612	2.3442180873825538
613	613	0.5977435413279055
614	614	0.8788749526635676
615	615	1.1652954231498707
616	616	2.1933523935244708
617	617	0.11468083077411224
618	618	1.449126003104998
619	619	0.44178095685846075
620	620	0.22651825188905939
621	621	0.4548048503567629
622	622	3.7300842096752413
623	623	1.035876115976044
624	624	0.0779610022440457
625	625	2.710011868798002
626	626	3.551298052062573
627	627	3.2545560679905408
628	628	0.29130558426635594
629	629	8.446597244317275
630	630	0.40494248739927924
631	631	2.2541083266178354
632	632	3.2907636296352747
633	633	1.6611920572937582
634	634	2.9070914448901677
635	635	0.379412108018478
636	636	0.15499278577958636
637	637	0.23084651165583264
638	638	2.5470709539004615
639	639	0.3322551503279717
640	640	2.02142204913948
641	641	0.03779743442768977
642	642	0.5739008578519709
643	643	2.4659712920469454
644	644	0.29870341362663766
645	645	1.0493985770728629
646	646	0.1507241614710227
647	647	2.2927787654942207
648	648	0.059904411170188854
649	649	0.31414393101646415
650	650	0.9872025752017891
651	651	1.0902804745730474
652	652	1.9525549658184773
653	653	0.03485777837832292
654	654	2.867298621619834
655	655	3.549796367085242
656	656	2.747907785567624
657	657	1.9434329612684114
658	658	0.4183781689481646
659	659	0.590055019212362
660	660	1.8642845528651504
661	661	3.4408550637869824
662	662	0.8753921056921277
663	663	1.3869443282303728
664	664	1.4357972465496474
665	665	0.6937007212278629
666	666	0.044113164447519185
667	667	7.3389839331115265
668	668	3.544994199955279
669	669	0.5323864192833297
670	670	0.7125388779562052
671	671	1.8867795860548313
672	672	2.82286147855773
673	673	0.4505161371350689
674	674	3.926982144570151
675	675	0.2984327699919386
676	676	1.2893380409093254
677	677	2.3212400027310607
678	678	1.9951100752112463
679	679	1.198078481959146
680	680	2.4757816348081705
681	681	0.8509317689883789
682	682	0.49830866032361193
683	683	3.056173439976343
684	684	1.0599220904345374
685	685	2.5010337678261454
686	686	1.600005605863625
687	687	1.3130436496473314
688	688	2.265152896925598
689	689	1.1792084520688457
690	690	0.3336286546545331
691	691	2.936364559097705
692	692	1.1841160209409571
693	693	6.584361959238823
694	694	0.5248694890814843
695	695	0.8866020931564991
696	696	4.653019883094094
697	697	1.8110824626979214
698	698	0.9743688557419751
699	699	3.5641877490617864
700	700	1.0506850939797954
701	701	0.021823019466818805
702	702	2.0562699529724466
703	703	3.602274221827798
704	704	2.4439312865995935
705	705	0.13778677937082814
706	706	2.6515670092185784
707	707	0.48365506732666125
708	708	0.3477504295284501
709	709	0.14392608885484684
710	710	1.1340174981617608
711	711	4.915343890635734
712	712	4.370291083355783
713	713	1.1313437058607354
714	714	2.031162793208953
715	715	0.26039557442731087
716	716	0.721784099438496
717	717	1.385380672796159
718	718	2.4161110651239457
719	719	2.4350040207716948
720	720	1.7815049702936263
721	721	0.679847092722194
722	722	1.5039443492867401
723	723	1.15805162262296
724	724	0.9466346868605788
725	725	2.270852827919349
726	726	0.5281802933920036
727	727	2.8268830959390723
728	728	3.3486622506005013
729	729	0.6294659624049477
730	730	1.424605791127264
731	731	5.1789625945006685
732	732	0.36320541333587447
733	733	2.263690681638665
734	734	2.0815094796324267
735	735	0.6854953659271023
736	736	0.5342174602304669
737	737	0.16636878543641676
738	738	4.149720662632223
739	739	1.2252391503359954
740	740	1.77004200472423
741	741	0.3870547730261443
742	742	1.5279623796433828
743	743	1.5073322561105844
744	744	0.44590859747947637
745	745	0.27228013885141905
746	746	1.823987559213191
747	747	0.4666842773617272
748	748	1.855975194250871
749	749	1.2940926260201702
750	750	7.549137736945875
751	751	4.548200346519348
752	752	0.29171105174488765
753	753	4.495142728780739
754	754	0.3463670372233072
755	755	3.5850913696002182
756	756	0.6328213843769389
757	757	4.7950521523499186
758	758	4.986100718769183
759	759	0.7195164281851139
760	760	1.3442088808837864
761	761	1.1004468992274519
762	762	4.131941050686613
763	763	0.6212210759260393
764	764	0.08532448094500342
765	765	0.41283679210430413
766	766	0.28211444230681154
767	767	1.8069801284174416
768	768	3.002796079695037
769	769	1.6105424516331461
770	770	1.1954106900044454
771	771	0.9801883063740822
772	772	3.031720000817825
773	773	4.281387164339982
774	774	5.852770306510001
775	775	4.811011323241059
776	776	3.970965504515413
777	777	2.4397886786128558
778	778	0.43089695047523163
779	779	0.44371977535089957
780	780	0.35318603027993767
781	781	0.8490304005217626
782	782	2.0736294577880026
783	783	0.639658057746478
784	784	5.071646396997426
785	785	0.07800930182332627
786	786	0.1265983472263549
787	787	0.691664337622343
788	788	2.98198136582459
789	789	2.9312759048299712
790	790	0.5654551042170142
791	791	0.9583332745298584
792	792	0.3270788243478279
793	793	1.3890083487418523
794	794	0.9360294488969119
795	795	0.8618770685796082
796	796	4.003135619624431
797	797	2.798879403315385
798	798	1.1377820715374243
799	799	3.802359218532657
800	800	0.35907683554119063
801	801	6.784263950468487
802	802	1.8866635197259036
803	803	0.2638830855150304
804	804	1.460486819175887
805	805	0.49258238793126763
806	806	6.056815055964522
807	807	1.942425794799106
808	808	4.637817008614847
809	809	0.07137359384442678
810	810	0.41842851184730157
811	811	0.3575618048530642
812	812	3.8812299368702656
813	813	0.033245664337203225
814	814	0.28803566322092156
815	815	3.4455286136636722
816	816	0.32951865717930884
817	817	1.1583417006227634
818	818	5.757843787203292
819	819	1.4948809497495192
820	820	0.6095379964083104
821	821	4.2603786633028395
822	822	1.8901247325700588
823	823	0.02255881701508763
824	824	1.0593316570037528
825	825	5.421913103671344
826	826	2.9738535645416917
827	827	0.6449050219971558
828	828	0.841101447845803
829	829	0.2525889634804548
830	830	3.9511457404994266
831	831	0.6327043662152516
832	832	3.969452430810046
833	833	1.8217874989566487
834	834	1.0265643122320125
835	835	2.8070694955348503
836	836	0.3342632139004942
837	837	4.428438069718595
838	838	0.36971687258851216
839	839	0.6063429456261399
840	840	1.1359463965136598
841	841	2.7034831628578178
842	842	0.41282139333713597
843	843	1.216475923793073
844	844	0.0388981038594377
845	845	6.398378622248938
846	846	2.5632413416181667
847	847	9.033929119039437
848	848	2.5440614140734765
849	849	0.519255818801784
850	850	1.8596140363365867
851	851	0.2909296285813159
852	852	4.1154796224571735
853	853	0.2462128556960263
854	854	0.6924169403788368
855	855	1.0975233963256266
856	856	2.925126354649746
857	857	0.3453091127075087
858	858	2.2255092972975348
859	859	2.2310860741660306
860	860	2.0388154325472536
861	861	3.3787281951651114
862	862	5.7203422370920896
863	863	0.5319338864910901
864	864	0.5824769531091105
865	865	1.6157568067923254
866	866	1.793708873437018
867	867	1.4492399569779504
868	868	3.0595537520468943
869	869	5.337734309283188
870	870	3.7551303143478028
871	871	2.1466246760618084
872	872	1.2828444666484886
873	873	1.1719533777460884
874	874	0.27635873417493906
875	875	0.6103188199037952
876	876	0.976561171462455
877	877	1.6739758477159326
878	878	0.16167762006919317
879	879	0.8934849267759744
880	880	0.03905532296893599
881	881	2.521369142109625
882	882	0.28523396878872675
883	883	1.306360548320479
884	884	0.6278672825601512
885	885	0.026154296106041645
886	886	0.19577487850463915
887	887	2.40951115013507
888	888	0.4856037277912004
889	889	0.2436567348968632
890	890	1.5281886842671335
891	891	0.6430695419574906
892	892	0.3952530755057375
893	893	0.2470788797902652
894	894	2.8549027239767915
895	895	3.4776411763900277
896	896	5.595464765990196
897	897	2.5911237587472753
898	898	1.7515589594623864
899	899	0.8355648339634039
900	900	1.3780010314385147
901	901	0.20358822064415102
902	902	0.263531756866945
903	903	1.7087148368208793
904	904	0.4323063683207438
905	905	1.0288755433203398
906	906	0.16291961518603407
907	907	0.43392890177598054
908	908	0.15232768905800728
909	909	3.842382713640816
910	910	1.252116907596675
911	911	1.203729256669772
912	912	1.0837132152484523
913	913	3.840830647925803
914	914	0.10339172407894229
915	915	0.3125469669011681
916	916	0.9563928897459685
917	917	4.152380207148295
918	918	0.9635757857592329
919	919	3.5390097368359195
920	920	10.400782868654007
921	921	2.3290780721230466
922	922	0.0347286240045248
923	923	3.281622523996852
924	924	1.0951100082833425
925	925	1.292450768553771
926	926	1.891020751207501
927	927	1.889867682403996
928	928	0.9149690876213777
929	929	0.21754302866851097
930	930	0.7119108276246334
931	931	2.070132157172309
932	932	1.4678071192571696
933	933	3.042280352449936
934	934	0.23907182483224662
935	935	1.6879353124181729
936	936	3.736929934878797
937	937	4.489316698734674
938	938	4.899867899006113
939	939	5.304247479169621
940	940	3.9953358877004996
941	941	4.207651003194343
942	942	0.5436107844418114
943	943	3.137528266469712
944	944	2.2003376796198357
945	945	1.077601589447131
946	946	3.7823874882415507
947	947	2.529688224239466
948	948	0.38140896108564415
949	949	2.8838248512230353
950	950	0.05024054461283026
951	951	6.81093340170535
952	952	2.218462927006084
953	953	1.216874892575303
954	954	0.5323209285618151
955	955	4.813270392530071
956	956	0.02300625065911581
957	957	0.4090657068487562
958	958	1.2244242648323196
959	959	5.361221962708822
960	960	0.6521973995709629
961	961	0.5221624134800059
962	962	7.818855038045844
963	963	1.5954935867617703
964	964	2.3241546022309154
965	965	5.802943768558523
966	966	0.07015198744919574
967	967	2.1572944130380867
968	968	0.1276144063361396
969	969	1.4415378119943618
970	970	1.0869692102100688
971	971	0.23759220007767712
972	972	0.35963885505282084
973	973	1.002264997314843
974	974	7.451698095047048
975	975	2.6827119133943134
976	976	0.399723017960609
977	977	0.07413466492444237
978	978	1.6011570775965398
979	979	2.316512187678633
980	980	3.9200107683292873
981	981	0.5146148266435906
982	982	0.04092300283118894
983	983	0.1952105317158256
984	984	0.8098177396384715
985	985	2.13993031949842
986	986	3.1622189480107488
987	987	10.720586019512417
988	988	0.3503610351216436
989	989	1.355511839139595
990	990	1.7976582533707417
991	991	0.42586682553272304
992	992	0.04072419602441247
993	993	0.07292984776993125
994	994	2.4852659891901236
995	995	0.030831028680928914
996	996	10.12536127651198
997	997	4.94363962917761
998	998	3.3110194842319163
999	999	1.0940990044341734
1000	1000	0.7186270446280565
1001	1001	1.0866321367806617
1002	1002	0.8441351585771897
1003	1003	7.306339921439933
1004	1004	0.7272019459496017
1005	1005	2.2860722066172547
1006	1006	0.031163700892349624
1007	1007	0.04313154125307517
1008	1008	0.9367330835360759
1009	1009	2.0788106008505385
1010	1010	2.427193228774392
1011	1011	0.019096761702057496
1012	1012	2.3639746556688572
1013	1013	3.5992973527086387
1014	1014	0.4211269420397679
1015	1015	1.9337669790850194
1016	1016	2.1322406077702127
1017	1017	1.1050196665189043
1018	1018	0.722972178232235
1019	1019	3.522005051854308
1020	1020	3.3737939784075803
1021	1021	2.705921941792696
1022	1022	0.7037675727447884
1023	1023	4.358284827427847
1024	1024	3.33144400875245
1025	1025	1.0652074232063102
1026	1026	0.10549053553721076
1027	1027	1.494893104316234
1028	1028	0.4724734659614294
1029	1029	3.2263801084974713
1030	1030	0.9408281085551471
1031	1031	3.8410609085339846
1032	1032	0.6371504885091821
1033	1033	4.941813927324327
1034	1034	0.46073374675042217
1035	1035	1.4164817955126723
1036	1036	1.731079278418759
1037	1037	2.1478888928989233
1038	1038	0.12981648221656938
1039	1039	0.30514653774994477
1040	1040	1.7789465991295783
1041	1041	5.400143223237301
1042	1042	2.0410236703495244
1043	1043	1.8411265342010674
1044	1044	0.3641064977543488
1045	1045	5.373349393308835
1046	1046	1.730752690006541
1047	1047	0.5869677863630706
1048	1048	0.4966182882995735
1049	1049	3.906357084514686
1050	1050	1.8961232570742053
1051	1051	0.29139033596080754
1052	1052	4.0423513887552565
1053	1053	0.17051841751220417
1054	1054	1.7701671305895466
1055	1055	0.1864162784307693
1056	1056	1.5889917491988368
1057	1057	2.9613790550423986
1058	1058	0.7394941377620414
1059	1059	0.20613458488092923
1060	1060	0.09185288479674507
1061	1061	5.515263962431421
1062	1062	2.6281736827198126
1063	1063	0.27770266050862485
1064	1064	0.5404160350316368
1065	1065	1.2689845821896304
1066	1066	3.4778414963855893
1067	1067	0.6489343017505539
1068	1068	1.0814208567335595
1069	1069	0.2250307966727251
1070	1070	6.192655626103738
1071	1071	0.21262325764796322
1072	1072	0.4569713792535286
1073	1073	0.910889204224326
1074	1074	0.20874146125535456
1075	1075	0.9001399679770249
1076	1076	5.861529403114825
1077	1077	0.12432232907773305
1078	1078	0.2652734745787684
1079	1079	0.44912762414874163
1080	1080	1.7535394062096428
1081	1081	1.2663519659648401
1082	1082	1.1007778721018222
1083	1083	4.706098987385577
1084	1084	0.43594264954383344
1085	1085	0.06328309246725267
1086	1086	1.8484486748067075
1087	1087	0.5401103273807076
1088	1088	4.672480745097087
1089	1089	0.7692158861738969
1090	1090	2.95298130381196
1091	1091	0.30650442476463347
1092	1092	4.7363242759189506
1093	1093	2.317298954692932
1094	1094	3.467355471866574
1095	1095	0.02903619437934708
1096	1096	3.402487428989115
1097	1097	0.10259380044950576
1098	1098	0.9202620307595187
1099	1099	2.0127895781900564
1100	1100	2.7292292520775043
1101	1101	3.4738895297401893
1102	1102	2.5762227221583793
1103	1103	2.394918300193347
1104	1104	1.1069149434601089
1105	1105	1.4288767349618186
1106	1106	2.8059931378658463
1107	1107	0.40720145518765877
1108	1108	4.2171485140495655
1109	1109	1.5791635769774115
1110	1110	3.1721123119014454
1111	1111	0.17463890487533998
1112	1112	0.7065157969128192
1113	1113	0.08837956941083018
1114	1114	0.8614879976064131
1115	1115	1.3386701317443352
1116	1116	1.266931864694102
1117	1117	2.2882495600930897
1118	1118	0.4245117918370305
1119	1119	0.24334780261914227
1120	1120	1.3128952589962597
1121	1121	1.0185062473172763
1122	1122	2.0797619834935546
1123	1123	1.45275332561835
1124	1124	0.37170858103764165
1125	1125	1.361755750962641
1126	1126	0.21238277371377762
1127	1127	1.6762977002980426
1128	1128	0.1944903290259256
1129	1129	4.0375846457319176
1130	1130	1.9203263069036316
1131	1131	0.9066093797357117
1132	1132	0.579323922870893
1133	1133	2.674470711507649
1134	1134	1.5048343575286258
1135	1135	0.08119718243936454
1136	1136	4.007344666616682
1137	1137	0.13337959246275335
1138	1138	1.0603790539325604
1139	1139	0.8646462501307235
1140	1140	0.03273739969848749
1141	1141	3.7510704348183284
1142	1142	5.2672536692383565
1143	1143	1.2123316883738264
1144	1144	1.5552198891746798
1145	1145	0.4482943349277357
1146	1146	0.10175850442982914
1147	1147	1.9654077308655373
1148	1148	1.5725376685878638
1149	1149	1.6607902777678931
1150	1150	4.820607518281096
1151	1151	1.7128128612526483
1152	1152	0.6714386482860343
1153	1153	3.240152381216632
1154	1154	1.6785111321664214
1155	1155	0.6184735302003669
1156	1156	1.5364725231673324
1157	1157	0.38854163576140555
1158	1158	3.8468523150360325
1159	1159	1.2454313448833958
1160	1160	0.5230086484952473
1161	1161	2.0501298482929164
1162	1162	0.16711527880584168
1163	1163	1.7785142101522877
1164	1164	2.79088385060681
1165	1165	0.6056090713272562
1166	1166	4.375808407446698
1167	1167	0.9766899444060092
1168	1168	0.9934073501880109
1169	1169	2.896091874862934
1170	1170	0.04286378677073961
1171	1171	4.870933128007548
1172	1172	2.7197245309439024
1173	1173	7.279887302275851
1174	1174	4.331264160605817
1175	1175	0.7740432969915638
1176	1176	0.9454094392353611
1177	1177	5.440799503198323
1178	1178	0.022697099582230332
1179	1179	0.12343090805216804
1180	1180	0.3894374715311518
1181	1181	6.848363925100103
1182	1182	0.2998814220853917
1183	1183	3.4095727666128925
1184	1184	0.9746569305521787
1185	1185	0.5638262865080852
1186	1186	0.6526949096257426
1187	1187	9.610907713586471
1188	1188	0.4266974513240729
1189	1189	0.13569954037668597
1190	1190	0.8015427257099391
1191	1191	3.3248777938041605
1192	1192	0.21431876440757885
1193	1193	5.206498397903248
1194	1194	4.117572907340061
1195	1195	0.9393735142297476
1196	1196	1.2885754497686475
1197	1197	1.7397262560951756
1198	1198	4.584025957950156
1199	1199	8.966392287752326
1200	1200	0.0018035421978561128
1201	1201	0.3979716797268211
1202	1202	3.11149607440002
1203	1203	1.240420041698516
1204	1204	5.164665766378333
1205	1205	5.218559770501153
1206	1206	0.19430704441762375
1207	1207	0.9217613420456764
1208	1208	1.0513762611539241
1209	1209	3.1053269528559038
1210	1210	1.7520743650447939
1211	1211	0.35823509894783756
1212	1212	2.946855431127509
1213	1213	3.868773104040193
1214	1214	1.0970974975292793
1215	1215	2.1113409214701857
1216	1216	1.3103159621222722
1217	1217	1.8009698658579678
1218	1218	0.8098688211502554
1219	1219	1.0211129781447261
1220	1220	0.6783251366164603
1221	1221	1.7343900146585471
1222	1222	2.2074384861059806
1223	1223	1.8737062971150977
1224	1224	1.4385391066630295
1225	1225	0.059345129391459535
1226	1226	2.2446023706984812
1227	1227	7.904573119561467
1228	1228	0.33959661291508536
1229	1229	6.466915681611267
1230	1230	9.922576568644969
1231	1231	0.811219447705576
1232	1232	6.615087730212497
1233	1233	0.3133098458481473
1234	1234	3.849120124472958
1235	1235	2.934538138569489
1236	1236	3.5087034224941065
1237	1237	1.9756801265416166
1238	1238	0.24488208207647638
1239	1239	2.2216571553884856
1240	1240	0.7740415139225834
1241	1241	4.294120523694024
1242	1242	0.1716080276104986
1243	1243	1.021090825259068
1244	1244	0.3306869855162767
1245	1245	3.378914709664801
1246	1246	0.30484446253745423
1247	1247	3.262007350765663
1248	1248	1.491969814537186
1249	1249	0.1722836086964382
1250	1250	4.168520270669978
1251	1251	4.15164464090239
1252	1252	0.3538481368422623
1253	1253	0.05188305059669126
1254	1254	0.23725441102950875
1255	1255	0.6989503148503964
1256	1256	4.3680290371446775
1257	1257	2.551021848254615
1258	1258	6.923041453923563
1259	1259	2.236098516877634
1260	1260	0.5606487970135755
1261	1261	2.7423478582253242
1262	1262	1.8613089032577932
1263	1263	5.282654533975414
1264	1264	2.98481238488241
1265	1265	3.814540131659809
1266	1266	0.07010833621986244
1267	1267	1.3837128587288257
1268	1268	0.7766987154891374
1269	1269	1.3977514434726193
1270	1270	1.039988792675422
1271	1271	2.0420346118998336
1272	1272	0.8818393491148923
1273	1273	0.25603526410527366
1274	1274	2.5959343623799915
1275	1275	3.5080319192996745
1276	1276	6.445580239518961
1277	1277	3.458697632758374
1278	1278	0.9581389595314109
1279	1279	0.237285493337006
1280	1280	0.9012920322048172
1281	1281	0.49439079303639355
1282	1282	1.3567954417344295
1283	1283	2.59189247302541
1284	1284	4.209537914138771
1285	1285	2.334805527270748
1286	1286	0.13868004484888036
1287	1287	1.318653040475517
1288	1288	0.2471266262262771
1289	1289	4.499711913654683
1290	1290	0.3523219555951267
1291	1291	0.2581448514457584
1292	1292	0.8028071939831017
1293	1293	0.9305823894438988
1294	1294	2.0892460479284347
1295	1295	1.848096405828074
1296	1296	1.4859566617962106
1297	1297	0.8967217085501803
1298	1298	2.267893419518856
1299	1299	1.6499573107858516
1300	1300	0.788123159379709
1301	1301	0.1519956474606401
1302	1302	0.1491643825307588
1303	1303	0.84135401596204
1304	1304	0.19636242582784308
1305	1305	1.2640472703602568
1306	1306	1.1796085325578836
1307	1307	0.041933870022404195
1308	1308	3.1704491638846233
1309	1309	0.6988182594170087
1310	1310	1.0724683337815244
1311	1311	0.1722067415712618
1312	1312	0.0894245447001648
1313	1313	2.747849797661595
1314	1314	0.905357919876796
1315	1315	0.40193064514530996
1316	1316	1.6129616829719267
1317	1317	3.2374944875485285
1318	1318	0.1655627856646797
1319	1319	1.0414529978319318
1320	1320	0.6317623929202391
1321	1321	0.35188624428065
1322	1322	3.131829511446299
1323	1323	0.46220988745813885
1324	1324	0.28385160587763786
1325	1325	2.014937270928587
1326	1326	0.8978980813785511
1327	1327	0.5762479922502476
1328	1328	0.6667839802544626
1329	1329	2.614508824480717
1330	1330	7.192191596389807
1331	1331	2.0174327054327805
1332	1332	2.376216794110215
1333	1333	5.44488170147117
1334	1334	3.0011128763216597
1335	1335	5.971476627195394
1336	1336	0.5264759128327012
1337	1337	1.9154395462018772
1338	1338	1.4640735713796562
1339	1339	3.283225323667337
1340	1340	0.262002068985449
1341	1341	1.7096354343310396
1342	1342	1.5907815873397815
1343	1343	0.8128832226938333
1344	1344	4.607769657263044
1345	1345	3.27192104855949
1346	1346	0.3449044929702998
1347	1347	0.7801791899204275
1348	1348	0.7060624060531542
1349	1349	1.6268031956449174
1350	1350	1.7470956505112092
1351	1351	3.7707391547984668
1352	1352	1.841480458933014
1353	1353	0.2743879435554513
1354	1354	1.1357000829331194
1355	1355	1.2581748580559384
1356	1356	0.3542743128658641
1357	1357	0.6623629037525608
1358	1358	0.692373250953545
1359	1359	0.9954420631563834
1360	1360	1.9054101503630791
1361	1361	0.7836476267849127
1362	1362	1.7881053182441857
1363	1363	4.892887521892944
1364	1364	0.5537030161556681
1365	1365	2.857199850164305
1366	1366	0.034937810204246224
1367	1367	0.672945919215087
1368	1368	0.5607641196131897
1369	1369	0.40543576102624723
1370	1370	0.781266267061991
1371	1371	0.17481739855381667
1372	1372	2.669832972496634
1373	1373	0.6573880222967078
1374	1374	0.6637200665332282
1375	1375	3.268962331115623
1376	1376	0.5729256774808242
1377	1377	0.39714783377634083
1378	1378	2.057758613924948
1379	1379	2.0950250541022775
1380	1380	2.0490554080539813
1381	1381	5.23431285478225
1382	1382	2.0921647101914185
1383	1383	0.8144822421480562
1384	1384	0.8472459348687861
1385	1385	0.7079197782178938
1386	1386	1.339078272854811
1387	1387	1.7555465065191367
1388	1388	3.6126127738140785
1389	1389	4.955401823660612
1390	1390	0.7377261367513769
1391	1391	2.703499249621422
1392	1392	2.8498025627610044
1393	1393	0.4750341100307732
1394	1394	0.6409750049120045
1395	1395	1.443440989663738
1396	1396	2.33295729149198
1397	1397	5.24240997166074
1398	1398	0.7875321956928312
1399	1399	0.7924600033610985
1400	1400	0.542639828222182
1401	1401	0.3859254910475456
1402	1402	2.3283124415400174
1403	1403	0.4174702922986482
1404	1404	0.6041458429265423
1405	1405	4.121070369546986
1406	1406	2.1692773767928277
1407	1407	2.381251181764286
1408	1408	7.805261552236155
1409	1409	0.07030168600599548
1410	1410	0.030040999351197792
1411	1411	0.17851806393561703
1412	1412	1.4212311128345632
1413	1413	0.42974930626766095
1414	1414	0.5903876610102072
1415	1415	3.3189986263029105
1416	1416	0.4435568778744889
1417	1417	2.2915595444662205
1418	1418	1.8748616639791589
1419	1419	0.23283533917287036
1420	1420	0.5141050672220422
1421	1421	3.253209205643807
1422	1422	2.072370007942264
1423	1423	0.7832843993195522
1424	1424	2.5952603494721798
1425	1425	0.002442540566283456
1426	1426	0.2895219881460667
1427	1427	0.7130359429018591
1428	1428	2.0949919397856256
1429	1429	1.3767988898092796
1430	1430	0.08815276146608207
1431	1431	8.555690951930567
1432	1432	1.0390282918218012
1433	1433	0.4099851749386932
1434	1434	1.1312723236565339
1435	1435	1.7209098891025876
1436	1436	0.9857249650052737
1437	1437	1.1273018874895204
1438	1438	1.2959853971690454
1439	1439	0.3878071441594503
1440	1440	0.6654576706501953
1441	1441	0.37981951946450354
1442	1442	6.517307134182473
1443	1443	0.49101081037759414
1444	1444	0.5006374238282076
1445	1445	0.7031361800902117
1446	1446	0.4746141733726741
1447	1447	3.690065034018534
1448	1448	1.0701895320904162
1449	1449	2.413946509274115
1450	1450	1.2008557368635862
1451	1451	2.613548721404286
1452	1452	0.5076240490315388
1453	1453	0.4437433886549862
1454	1454	0.2412627359098363
1455	1455	0.18565250939150815
1456	1456	4.750657693968697
1457	1457	5.188596220215017
1458	1458	1.846411759447887
1459	1459	1.7066236738826357
1460	1460	1.1008024056831822
1461	1461	8.727511483627737
1462	1462	2.895703599851163
1463	1463	1.3907977877095932
1464	1464	8.90705192374319
1465	1465	0.2989181729936925
1466	1466	3.2534081039620015
1467	1467	2.760564003978337
1468	1468	2.2168402385824417
1469	1469	0.6089314904854992
1470	1470	8.178875108073322
1471	1471	0.6330799179506703
1472	1472	0.6283898317495448
1473	1473	4.3627364252106995
1474	1474	3.756278736449298
1475	1475	0.390243568939179
1476	1476	0.3439558002767544
1477	1477	0.3344802177533474
1478	1478	1.364798187178728
1479	1479	2.887706732462924
1480	1480	0.3942875483246587
1481	1481	1.4198900778677888
1482	1482	1.03330286531185
1483	1483	0.9472031766248771
1484	1484	2.1298890249808418
1485	1485	1.0009322469044393
1486	1486	1.4933159280102362
1487	1487	0.2205613688639868
1488	1488	1.627405665733847
1489	1489	0.8503391450761539
1490	1490	0.1972102321730476
1491	1491	2.484760696502979
1492	1492	0.7507931100981787
1493	1493	3.9630185012547687
1494	1494	6.448926419800487
1495	1495	0.37771836126178304
1496	1496	0.8792386460719899
1497	1497	0.5920332269921633
1498	1498	0.6983853283513446
1499	1499	0.7828251470779951
1500	1500	0.5883621072345754
1501	1501	0.888644296616855
1502	1502	1.1112224020251171
1503	1503	1.2680751392686227
1504	1504	1.5464177001307937
1505	1505	0.5504267780558415
1506	1506	1.112333241779715
1507	1507	2.5641083033160785
1508	1508	0.3237382420277523
1509	1509	0.1884245610217738
1510	1510	3.306939644339393
1511	1511	1.373486201423111
1512	1512	1.3895811034127794
1513	1513	1.1689467848262196
1514	1514	1.3203055026619137
1515	1515	0.11233560169108459
1516	1516	1.6282889280663595
1517	1517	1.934732793215267
1518	1518	2.0444424889896498
1519	1519	3.3037747681318854
1520	1520	3.919273898480723
1521	1521	1.8468842167274158
1522	1522	1.0746964489190975
1523	1523	0.12170241819917985
1524	1524	4.428621468719668
1525	1525	2.0782874015329647
1526	1526	2.438065283853086
1527	1527	0.37721249192979195
1528	1528	0.12585155599490083
1529	1529	3.152449799015122
1530	1530	0.9154875232294928
1531	1531	0.2640430636354765
1532	1532	1.0102420287961709
1533	1533	1.0122388265741253
1534	1534	0.30037819851492664
1535	1535	0.3557593299650961
1536	1536	0.33642614598619625
1537	1537	5.152532284732892
1538	1538	0.40197448769125427
1539	1539	0.07673736223202064
1540	1540	2.5337431524941048
1541	1541	1.2406676563298387
1542	1542	4.167004356063208
1543	1543	0.13742244011787894
1544	1544	1.0537765073499892
1545	1545	0.8243325722505871
1546	1546	2.3465967626934976
1547	1547	2.825758663263276
1548	1548	0.08666992790268806
1549	1549	0.19131591944960763
1550	1550	0.18687230974202634
1551	1551	1.4051387154137627
1552	1552	3.886839661397795
1553	1553	1.4203461241987823
1554	1554	1.0119215367011818
1555	1555	3.4505066518646825
1556	1556	0.44707915641595203
1557	1557	0.14476416659854147
1558	1558	4.020224258989862
1559	1559	2.073746084674381
1560	1560	0.1399323850882436
1561	1561	1.36120977226697
1562	1562	0.48643936913551605
1563	1563	5.431590516084271
1564	1564	2.116435419559696
1565	1565	0.7398300037536168
1566	1566	1.8928789830496766
1567	1567	2.5527360318925094
1568	1568	0.2646736859607864
1569	1569	0.011930052844374274
1570	1570	4.891478149790848
1571	1571	0.46012395149732743
1572	1572	7.178304464782011
1573	1573	0.5485859964868224
1574	1574	0.7543565517273694
1575	1575	3.0795121395608573
1576	1576	2.2079808325367862
1577	1577	8.325866806726536
1578	1578	0.18656339764992524
1579	1579	0.6761219360594967
1580	1580	2.6255415697045694
1581	1581	1.6566137869061077
1582	1582	0.28599134450343255
1583	1583	3.8573451152921003
1584	1584	1.9888589904576486
1585	1585	3.144951827436258
1586	1586	1.2783404692776448
1587	1587	1.852088263116138
1588	1588	3.7687804469668222
1589	1589	0.8752389763907336
1590	1590	4.514474236346563
1591	1591	0.44307049618404193
1592	1592	1.372589962755569
1593	1593	0.44779841775604845
1594	1594	5.0764585760272105
1595	1595	4.228367728034757
1596	1596	1.5024410517202975
1597	1597	0.9411638983963917
1598	1598	0.41598402491917963
1599	1599	1.0959090698488203
1600	1600	0.4976660256680293
1601	1601	1.8245343285201272
1602	1602	2.533075091450409
1603	1603	4.335194016368631
1604	1604	0.7270970572058651
1605	1605	0.017063982785139646
1606	1606	1.2837441856887197
1607	1607	0.332773810408061
1608	1608	3.12958607664102
1609	1609	0.8531794238371387
1610	1610	0.8469319712513163
1611	1611	0.18842916108006091
1612	1612	11.17644033791076
1613	1613	6.295592848153428
1614	1614	0.8147767374427735
1615	1615	0.23616120562255608
1616	1616	1.0339746455561176
1617	1617	0.5126639919684135
1618	1618	2.590214215929911
1619	1619	0.6701563093435617
1620	1620	1.9562722606646852
1621	1621	1.1475390893294948
1622	1622	0.023055479722605497
1623	1623	2.527431595992104
1624	1624	6.252818668855107
1625	1625	3.0868561581418965
1626	1626	0.8307055804060605
1627	1627	3.969819189695264
1628	1628	3.3853559232248127
1629	1629	1.393271617347779
1630	1630	1.7328955102425678
1631	1631	2.162408098268471
1632	1632	0.589866490090947
1633	1633	0.37371245674267034
1634	1634	0.7292599062788024
1635	1635	3.5212129263963137
1636	1636	0.9847640756322121
1637	1637	4.125705144587204
1638	1638	2.3568242060377775
1639	1639	3.4625335033146305
1640	1640	1.0133275227377918
1641	1641	0.4775520947654413
1642	1642	0.17535737939963572
1643	1643	0.6986401488140122
1644	1644	1.7283371823383396
1645	1645	0.593802115687211
1646	1646	0.005935031231694217
1647	1647	0.8625774667217433
1648	1648	0.24813782097294296
1649	1649	0.45309469779183736
1650	1650	1.2654661576134767
1651	1651	4.777733356401167
1652	1652	0.23808433281006022
1653	1653	2.6232592368609757
1654	1654	1.0096393931746541
1655	1655	0.8186583283533055
1656	1656	0.7741636615627832
1657	1657	1.1364233562991153
1658	1658	7.327851027853408
1659	1659	3.405382322519274
1660	1660	0.5398014287475275
1661	1661	0.5424478707100434
1662	1662	1.1898617449822677
1663	1663	0.5444340471663328
1664	1664	0.3675874488653612
1665	1665	1.7894219353909904
1666	1666	1.152971402930207
1667	1667	3.312211989810215
1668	1668	0.9719852124003271
1669	1669	12.981369289985363
1670	1670	4.219545245258791
1671	1671	0.14348532477427337
1672	1672	0.4808267759913817
1673	1673	0.3927125370794866
1674	1674	1.634468111601496
1675	1675	1.0919231182675353
1676	1676	2.022991681055943
1677	1677	0.4794980605863573
1678	1678	1.680921325334036
1679	1679	4.033453444058359
1680	1680	0.29390686187520454
1681	1681	3.0934709258331257
1682	1682	9.015573117907975
1683	1683	2.675504180730342
1684	1684	3.9061932090070437
1685	1685	0.7431779259794734
1686	1686	0.9242552992897594
1687	1687	1.936900930671806
1688	1688	1.7673536775871797
1689	1689	2.1970959071231566
1690	1690	3.511788586265922
1691	1691	3.0648552792062125
1692	1692	1.410317145672369
1693	1693	2.1492290381401458
1694	1694	0.4396519827153076
1695	1695	1.8951024615265097
1696	1696	2.103398916722176
1697	1697	0.5582718281725937
1698	1698	0.16646761767803928
1699	1699	0.11711252278631522
1700	1700	4.897998062578059
1701	1701	0.3364810167897227
1702	1702	1.7805445212638595
1703	1703	2.720578095171966
1704	1704	0.14743816699495232
1705	1705	0.12182352399578408
1706	1706	0.8016067914027662
1707	1707	0.869177864143392
1708	1708	1.371999296274039
1709	1709	3.2856286453677988
1710	1710	10.775316282732268
1711	1711	5.359452192434929
1712	1712	0.19411520254375841
1713	1713	3.036064362962771
1714	1714	5.328604681842869
1715	1715	3.0312439965550144
1716	1716	1.810408934238586
1717	1717	1.9234633637850824
1718	1718	1.0108175915050968
1719	1719	0.12434178989473943
1720	1720	2.534084308384593
1721	1721	1.1101478681238175
1722	1722	4.614275761204362
1723	1723	2.15016087384573
1724	1724	5.22075983097421
1725	1725	0.20484202974424007
1726	1726	3.082346183594342
1727	1727	4.117980716940613
1728	1728	1.3379574160779037
1729	1729	0.9869805364262166
1730	1730	11.379230691978156
1731	1731	0.47448849058235915
1732	1732	1.0182025632003586
1733	1733	2.3466566864565643
1734	1734	1.8821907870749972
1735	1735	0.17905569672043697
1736	1736	2.6313419503683844
1737	1737	1.758403395241818
1738	1738	1.5870398715776202
1739	1739	5.057902128167834
1740	1740	4.495526029990089
1741	1741	1.8141569910881308
1742	1742	0.7305523460272098
1743	1743	1.7650071859166034
1744	1744	0.03114006603821431
1745	1745	1.3269730911371889
1746	1746	0.8619401671454768
1747	1747	1.0396891554729586
1748	1748	1.264962632637417
1749	1749	0.32130977087383955
1750	1750	2.6542556389817054
1751	1751	0.13244103461492518
1752	1752	0.973086585080747
1753	1753	0.026172990351628157
1754	1754	1.758103238684459
1755	1755	1.0556692782472692
1756	1756	0.2188053284747204
1757	1757	0.6786581952652229
1758	1758	3.3327084405050136
1759	1759	3.316790968967997
1760	1760	0.4689907617036872
1761	1761	0.046856258045611394
1762	1762	1.2471091351012529
1763	1763	3.3271118428809063
1764	1764	1.1169897036757983
1765	1765	2.292720212064197
1766	1766	4.99732961547924
1767	1767	1.2271598530490542
1768	1768	0.2337104592904397
1769	1769	4.118619599917332
1770	1770	0.7656463653580547
1771	1771	0.4530814774978704
1772	1772	2.4449184288364836
1773	1773	5.602004873740384
1774	1774	0.38504006260001605
1775	1775	1.0188114336774492
1776	1776	0.3373249754815965
1777	1777	0.6947973174202706
1778	1778	5.076291435936178
1779	1779	2.65836647902537
1780	1780	3.150937536283839
1781	1781	9.334168969069188
1782	1782	1.0545382200534643
1783	1783	3.048813860351777
1784	1784	0.8938166994848825
1785	1785	4.4103471961130225
1786	1786	0.9005336054925535
1787	1787	0.9270904480806033
1788	1788	2.8029262505422294
1789	1789	1.4117031151062516
1790	1790	0.2802120293597714
1791	1791	0.4308139110729344
1792	1792	0.4746118399030644
1793	1793	1.7789080828055026
1794	1794	6.131512078604987
1795	1795	0.5041966895554021
1796	1796	0.45875741258867936
1797	1797	2.6716029516206814
1798	1798	1.928551984253891
1799	1799	0.931977136613384
