0	0	0.5377294952219388
1	1	0.06328495581145503
2	2	0.4608907789622374
3	3	2.1793974236596845
4	4	1.3919034858811798
5	5	0.9261429420206468
6	6	1.9577748400566812
7	7	3.1181131373737223
8	8	1.396471723973023
9	9	6.26759219480597
10	10	0.130945236068898
11	11	3.3355563263570707
12	12	0.024690097727900765
13	13	1.1667711479588958
14	14	3.3648803501052034
15	15	1.9137811817251844
16	16	2.8037895554316057
17	17	2.4827601680190194
18	18	0.1220625627108614
19	19	3.5456888990551074
20	20	1.9381931917455775
21	21	1.2275759075627952
22	22	0.7626920470767391
23	23	1.11922737518582
24	24	1.6049860553408606
25	25	0.4326401417775815
26	26	3.2935097606296684
27	27	1.1848780931981397
28	28	3.5388010528343012
29	29	0.6709554700228869
30	30	1.1401616939990669
31	31	8.127629347075203
32	32	4.463862493073777
33	33	1.8146817354354632
34	34	1.5810355840455994
35	35	0.5766684242976333
36	36	0.12370810130220775
37	37	1.784726446245063
38	38	0.2004797097335305
39	39	3.6840984076508967
40	40	3.858527017070472
41	41	1.0443342692138131
42	42	0.2139525947585952
43	43	0.9673879088217617
44	44	4.200542088295387
45	45	0.990126275511702
46	46	0.4136714193395891
47	47	2.0859145377747157
48	48	0.7372088928388784
49	49	0.482148369545115
50	50	0.9644444572392944
51	51	1.9670527039217374
52	52	2.5763868125787917
53	53	0.6782316139588417
54	54	0.5232201202290301
55	55	3.254896566973384
56	56	2.187443386120387
57	57	0.1477622732632949
58	58	1.0786558241700266
59	59	0.10565747180753038
60	60	2.658374086317669
61	61	0.7121115861866315
62	62	0.6659512528778132
63	63	6.844683907003348
64	64	0.46439011243153927
65	65	0.81040128092361
66	66	0.36181084271869624
67	67	4.052646043694813
68	68	4.588943615754986
69	69	2.538630768649578
70	70	6.076401218364962
71	71	1.9047518715545029
72	72	0.35479059024544163
73	73	5.570983393374517
74	74	4.352518914424613
75	75	4.821117945725618
76	76	5.005252255320093
77	77	0.5502834709019555
78	78	0.17953160492460762
79	79	1.6086899417971714
80	80	0.13685030407116514
81	81	5.286072767566705
82	82	1.3593936994212819
83	83	1.4258935765229246
84	84	3.77123685831294
85	85	0.7070125683624806
86	86	0.12782663310678985
87	87	3.067493254640414
88	88	4.20998716429053
89	89	1.7682721821379237
90	90	2.2177643079251985
91	91	4.02554787950627
92	92	0.47848985250789466
93	93	3.199360695679696
94	94	0.75289510681708
95	95	3.570751309897625
96	96	1.6766114163526027
97	97	0.7853742360671478
98	98	1.8716838197751355
99	99	2.267235169761423
100	100	0.7311249989984347
101	101	5.404863567475823
102	102	1.902327043483833
103	103	2.128179526838851
104	104	2.157481803911362
105	105	0.760974828861924
106	106	4.093627384955826
107	107	1.2034515240592996
108	108	0.3773184374576092
109	109	0.11593237175636371
110	110	1.5739210948414537
111	111	0.5392193188681909
112	112	1.4775237619278339
113	113	1.8787215784108078
114	114	2.8887902523097218
115	115	1.4683207680732577
116	116	5.652854078861057
117	117	0.1145007233753577
118	118	0.2805571930519846
119	119	0.39615558115149985
120	120	2.876504889839388
121	121	0.6430671307218457
122	122	3.2467668882191973
123	123	4.852481152454791
124	124	2.5172699314305005
125	125	1.1401660888080891
126	126	3.314606010329925
127	127	1.929118109611634
128	128	2.0349744158319703
129	129	2.46765473459837
130	130	2.590754234807812
131	131	1.1507133625737749
132	132	2.094826116078675
133	133	1.7368750541892974
134	134	0.7230609074044285
135	135	2.01161113007896
136	136	0.14521957803885854
137	137	5.294192228087111
138	138	2.7259980264413857
139	139	1.4653889615359672
140	140	0.6824990912958215
141	141	0.17153459295633633
142	142	0.16618517053979812
143	143	0.3915420829915209
144	144	1.2899723351463364
145	145	1.239004759943142
146	146	0.9831475359504183
147	147	3.1059265840231296
148	148	1.2783825446739938
149	149	3.458473570617322
150	150	0.1306311736355238
151	151	2.4288134652286706
152	152	0.781097358246726
153	153	2.600697547499913
154	154	0.045547151512669776
155	155	2.13700876086772
156	156	0.52720222804115
157	157	1.8679274682112026
158	158	0.4715315380991644
159	159	1.5898521505315832
160	160	0.4094052149653378
161	161	1.504850539238791
162	162	0.05219835738954392
163	163	5.758688659364207
164	164	0.4769219592957767
165	165	10.007686459035572
166	166	0.37906541427630425
167	167	1.0171239200303606
168	168	0.207315402234589
169	169	2.10950285051521
170	170	2.976232500790292
171	171	2.8430457128160866
172	172	3.088400712159449
173	173	3.06127685871989
174	174	2.671267278855527
175	175	10.384886433759482
176	176	2.2385050305956167
177	177	1.6007559067495984
178	178	0.018920583620718422
179	179	2.64248800785125
180	180	0.6088788204371626
181	181	2.556963309931206
182	182	0.2651177963852882
183	183	5.844908226954928
184	184	1.6933057390789779
185	185	5.50187756457893
186	186	0.7680931472009197
187	187	0.19557970032927718
188	188	0.991775870330504
189	189	4.953607336078574
190	190	0.21694708793075987
191	191	2.387217668025403
192	192	0.2021152013274784
193	193	2.157176045166234
194	194	2.4045159213266127
195	195	0.08721328870031052
196	196	6.249366094193743
197	197	2.0295046536837966
198	198	7.576729221956699
199	199	2.8919863087653765
200	200	1.354105944247187
201	201	3.7203713454655785
202	202	0.5101276040307704
203	203	0.9043728605714183
204	204	3.5156415965467986
205	205	0.8462761810805061
206	206	1.8721437383909114
207	207	2.5729375639770686
208	208	0.47951158864485033
209	209	0.6889529468852542
210	210	0.028936652068915904
211	211	1.3705208160740987
212	212	5.794917719297393
213	213	3.6089053129075217
214	214	0.7147947675126279
215	215	0.708787207865783
216	216	1.1000550250831316
217	217	0.1036189022087102
218	218	1.961751704560824
219	219	1.5527843223472322
220	220	3.7296276573401514
221	221	0.28387898384385607
222	222	4.2155491049976295
223	223	0.09779470685105954
224	224	1.3723713771722967
225	225	2.034208246073426
226	226	0.4150256156189899
227	227	3.2984888390618936
228	228	0.6843957790985539
229	229	1.6574450922842465
