0	0	0.0009588890118934402
1	1	0.02209853411293675
2	2	0.03297696462064034
3	3	0.026154524413952104
4	4	0.006161137441279895
5	5	0.03965612256198018
6	6	0.047029648407400294
7	7	0.022098534112715052
8	8	0.17169624159643784
9	9	0.05606745288247175
10	10	0.06906205224376945
11	11	0.1716962415962768
12	12	0.03297696462115336
13	13	0.11095558249844607
14	14	0.11095558249810125
15	15	0.04396561225695889
16	16	0.008519783974660916
17	17	0.11095558249782804
18	18	0.039656122562256105
19	19	0.04700760498202158
20	20	0.17169624159620217
21	21	0.05606745288250142
22	22	0.015386311033616614
23	23	0.04396561225711749
24	24	0.056067452882179576
25	25	0.1109555824980374
26	26	0.03297696462073644
27	27	0.015694918990717482
28	28	0.04702964840831377
29	29	0.015694918991096124
30	30	0.056067452882572526
31	31	0.17169624159638938
32	32	0.002986884162643165
33	33	0.06906205224337417
34	34	0.11095558249760382
35	35	0.02194423013414805
36	36	0.015694918991264163
37	37	0.015386311033104434
38	38	0.03965612256226619
39	39	0.06906205224299446
40	40	0.029240603990264572
41	41	0.047029648408350486
42	42	0.0013997575227011547
43	43	0.0069987876124324895
44	44	0.0178441529822178
45	45	0.17169624159602537
46	46	0.043965612256561364
47	47	0.17169624159671612
48	48	0.026154524413112515
49	49	0.11095558249778768
50	50	0.1716962415966255
51	51	0.11095558249783853
52	52	0.014603769425999868
53	53	0.1109555824976553
54	54	0.17169624159655955
55	55	0.021944230133980117
56	56	0.03965612256233298
57	57	0.05606745288267899
58	58	0.00851978397471697
59	59	0.056067452882619155
60	60	0.022098534112350843
61	61	0.0004298467987733431
62	62	0.04702964840747831
63	63	0.0011903449797267926
64	64	0.11095558249822893
65	65	0.01602557037443792
66	66	0.014603769426368065
67	67	0.03965612256228545
68	68	0.0003637165218875481
69	69	0.11095558249817024
70	70	0.039656122562261774
71	71	0.010404496858963769
72	72	0.039656122562390206
73	73	0.0470076049826738
74	74	0.11095558249849395
75	75	0.05606745288300298
76	76	0.056067452882183226
77	77	0.1716962415966928
78	78	0.004915683897852495
79	79	0.05606745288302893
80	80	0.021944230133632996
81	81	0.03965612256229403
82	82	0.007439656123404338
83	83	0.04702964840814592
84	84	0.0012234101181738477
85	85	0.01538631103295643
86	86	0.026154524414080952
87	87	0.015694918990768327
88	88	0.11095558249848209
89	89	0.04700760498259461
90	90	0.04396561225641377
91	91	0.043965612256603746
92	92	0.17169624159652713
93	93	0.008519783974797367
94	94	0.0396561225618408
95	95	0.1716962415960851
96	96	0.029240603990658334
97	97	0.02924060399022657
98	98	0.00014328226639055553
99	99	0.05606745288293952
100	100	0.017844152981651734
101	101	0.0004518902243684592
102	102	0.0470076049820942
103	103	0.17169624159669436
104	104	0.06906205224371015
105	105	0.0017744957571490753
106	106	0.0396561225614831
107	107	0.1109555824979809
108	108	0.11095558249850992
109	109	0.06906205224299637
110	110	0.003394687534558773
111	111	0.03297696462082503
112	112	0.0031962967049141916
113	113	0.029240603990247215
114	114	0.0008045850331223165
115	115	0.11095558249786366
116	116	0.01569491899045934
117	117	0.17169624159611957
118	118	0.014603769426378695
119	119	0.056067452883153554
120	120	0.04396561225642788
121	121	0.05606745288284156
122	122	0.00034167309695753756
123	123	0.04396561225615499
124	124	0.003196296704953411
125	125	0.1716962415967477
126	126	0.17169624159663452
127	127	0.03965612256215484
128	128	0.04702964840828043
129	129	0.05606745288290351
130	130	0.06906205224347865
131	131	0.17169624159653119
132	132	0.11095558249834603
133	133	0.008519783974926788
134	134	0.04700760498261013
135	135	0.022098534112239967
136	136	0.0010801278525974277
137	137	0.017844152981734075
138	138	0.026154524413988425
139	139	0.017844152981907866
140	140	0.06906205224367455
141	141	0.11095558249784297
142	142	0.001774495757597721
143	143	0.00160917006572293
144	144	0.1716962415968001
145	145	0.01569491899088943
146	146	0.00034167309601634187
147	147	0.022098534112234263
148	148	0.03297696462034246
149	149	0.04700760498274626
150	150	0.0017744957575816483
151	151	0.17169624159645103
152	152	0.01602557037445486
153	153	0.0009588890119312952
154	154	0.04396561225647547
155	155	0.0470296484080642
156	156	0.17169624159678337
157	157	0.010404496859030317
158	158	0.039656122562283895
159	159	8.817370260294963e-05
160	160	0.0074396561230430985
161	161	0.05606745288265796
162	162	0.06906205224332249
163	163	0.001520996363706745
164	164	0.04700760498238333
165	165	0.015386311033286812
166	166	0.047029648407829236
167	167	0.17169624159672672
168	168	0.015386311033271106
169	169	0.05606745288238283
170	170	0.05606745288269776
171	171	0.17169624159688726
172	172	0.1716962415967274
173	173	0.032976964620919945
174	174	0.002667254491646018
175	175	0.06906205224366663
176	176	0.006161137441434207
177	177	0.11095558249792085
178	178	0.05606745288299024
179	179	0.11095558249791004
180	180	0.021944230134018937
181	181	0.00386862118471048
182	182	0.0470296484082505
183	183	0.11095558249826182
184	184	0.05606745288281282
185	185	0.0006943679051008933
186	186	0.010404496859225313
187	187	0.0470076049820416
188	188	0.11095558249829877
189	189	0.0329769646206444
190	190	0.04396561225628379
191	191	0.17169624159634192
192	192	0.047007604982641615
193	193	0.04700760498253948
194	194	0.0470076049821952
195	195	0.03965612256206081
196	196	0.17169624159689295
197	197	0.047007604982340884
198	198	0.015386311033033158
199	199	0.06906205224344487
200	200	0.039656122561794876
201	201	0.11095558249798315
202	202	0.015694918990566836
203	203	0.02615452441332803
204	204	0.03965612256184224
205	205	0.009478672985814245
206	206	0.026154524413469094
207	207	0.056067452882339684
208	208	0.04702964840777521
209	209	0.026154524413428765
210	210	0.001509974650706933
211	211	0.017844152981467333
212	212	0.029240603990482988
213	213	0.1716962415965949
214	214	0.06906205224292866
215	215	0.17169624159653282
216	216	0.0028656453218739975
217	217	0.007439656122985478
218	218	0.039656122561630154
219	219	0.17169624159619318
220	220	0.0011903449804910678
221	221	0.043965612256274676
222	222	0.021944230133518466
223	223	0.026154524413722555
224	224	0.11095558249820686
225	225	0.1716962415966909
226	226	0.0007384547563415053
227	227	0.11095558249760434
228	228	0.03297696462062265
229	229	0.06906205224354212
