0	0	0.21053054089134526
1	1	1.0792064262208634
2	2	0.3879422686145097
3	3	0.9047030106199436
4	4	1.1051509187467314
5	5	0.6718524196271468
6	6	2.4021942072522746
7	7	3.8084513028621316
8	8	0.8058206541334151
9	9	0.5297671995123112
10	10	0.1295352980096295
11	11	13.37541332024043
12	12	0.62302059346419
13	13	1.4684688612421763
14	14	1.325088143830937
15	15	0.30542394812539925
16	16	2.1825325217857077
17	17	4.4856530382735365
18	18	1.3368657442515897
19	19	0.6546247561660312
20	20	2.1138807077934363
21	21	1.2871899492056087
22	22	6.6954136973030804
23	23	1.1161236920120567
24	24	2.1450275837568
25	25	1.9653825871239592
26	26	0.8863278505811933
27	27	0.45316998356926574
28	28	3.1105044487598277
29	29	0.8510658032768943
30	30	0.07595517956778759
31	31	0.12084982000752259
32	32	1.4636239714810735
33	33	0.34694294222916033
34	34	1.0030147301913739
35	35	0.444024851624286
36	36	0.856170736608133
37	37	0.17613747740400926
38	38	3.925637420424979
39	39	0.24150745922273875
40	40	0.39354239683967734
41	41	6.176644271020609
42	42	3.282119682205804
43	43	1.847493160162222
44	44	0.8669522725683262
45	45	2.0275430798300036
46	46	3.555530431466118
47	47	1.663001542515843
48	48	4.5913718944629185
49	49	1.6453647620723313
50	50	0.39773320514083144
51	51	0.08257142652040204
52	52	2.0373530086433917
53	53	0.5301608545559314
54	54	2.0038585133681566
55	55	0.5123056074359922
56	56	1.7318479861341878
57	57	2.2039126206158777
58	58	0.23353319292432084
59	59	3.852742358393399
60	60	2.004385378182216
61	61	6.799768324665007
62	62	3.786624507574408
63	63	0.5346441323760154
64	64	0.8780552706436804
65	65	2.648837959881361
66	66	1.478098053455055
67	67	2.2499236280234522
68	68	0.6917645325708542
69	69	0.9893642242662295
70	70	5.442528125409675
71	71	5.918208204813949
72	72	1.7422781859817176
73	73	0.05083814556827812
74	74	6.902378163796418
75	75	0.41038064525668144
76	76	3.117183821413562
77	77	0.2466312799592907
78	78	1.4579589344861437
79	79	1.3753372112513422
80	80	1.7609711815343325
81	81	1.9059786201690447
82	82	0.1391691563587639
83	83	4.307619042904155
84	84	1.6727072621018515
85	85	3.1715197454467905
86	86	0.5111761633392027
87	87	3.0489333677764496
88	88	1.2049719264542684
89	89	0.2977667958693743
90	90	3.145975598683625
91	91	0.014343002979578435
92	92	0.5742306403177506
93	93	3.187437311288352
94	94	3.629132168373833
95	95	1.5399012411600899
96	96	0.9301477055270035
97	97	3.1835689578627955
98	98	3.841869597881187
99	99	0.7989406475059138
100	100	0.31829408590750036
101	101	2.052328729961312
102	102	7.337472438884916
103	103	0.3829513422784482
104	104	3.4684099066002725
105	105	0.22160320818175547
106	106	3.0699123444406955
107	107	1.4076185560643895
108	108	0.15499109440239023
109	109	2.8747721361703356
110	110	0.394824033414016
111	111	0.8988291980583154
112	112	1.313175503659413
113	113	0.5678730359755634
114	114	0.21158809421294958
115	115	0.1565368621325096
116	116	1.4705271510703306
117	117	0.6800947487874494
118	118	3.5959996399388685
119	119	0.468209486527904
120	120	0.3013219057008097
121	121	2.057304185402852
122	122	0.5169551418330787
123	123	0.005235762177273358
124	124	2.896586060526779
125	125	1.6161930807851232
126	126	1.531022945952862
127	127	3.8976699911088306
128	128	2.1256307663672636
129	129	1.606242852797712
130	130	5.109910549547358
131	131	0.5587737627008589
132	132	1.7321872691073692
133	133	0.5251089556369598
134	134	0.3682939560523015
135	135	1.7095342345755034
136	136	3.3924806660177333
137	137	4.49804451992804
138	138	1.4786524136614232
139	139	1.2781680128152604
140	140	1.5164690887857917
141	141	0.6977407344284611
142	142	4.063712112251091
143	143	2.231089647412472
144	144	3.665002932925259
145	145	0.4795971568603895
146	146	4.320286427618006
147	147	4.801098568766071
148	148	2.374834548846088
149	149	3.679580945168025
150	150	3.0177804527462486
151	151	0.02437896285411028
152	152	0.41484657861231905
153	153	1.6179261449544349
154	154	7.250895145376722
155	155	0.16447616086297734
156	156	1.6175213356420637
157	157	3.34835278482756
158	158	3.73315508510614
159	159	2.68823646361859
160	160	0.6656036896521557
161	161	1.4277704241634999
162	162	1.3748412235212646
163	163	1.20716701585988
164	164	4.005056733410013
165	165	0.3221618736620472
166	166	0.45676665390589705
167	167	0.20864796975027922
168	168	2.4828713373097715
169	169	0.04973634492448394
170	170	0.5004521977080206
171	171	0.780659404157161
172	172	0.0463038174116136
173	173	0.00959087093952466
174	174	2.27615019321199
175	175	0.4609424556310337
176	176	3.2795247072959297
177	177	0.9443830619616383
178	178	1.0335709893991791
179	179	2.330156736062629
180	180	7.15405180786606
181	181	3.381558887812527
182	182	2.9544025601616877
183	183	1.3355374175563735
184	184	2.267405987263314
185	185	1.9664302062560717
186	186	1.889525859048301
187	187	2.870914837639687
188	188	3.895062517384384
189	189	0.15056400981381826
190	190	0.06810053573022697
191	191	0.06415524241841947
192	192	0.09727289964199051
193	193	0.9022366565009707
194	194	0.14384891109558912
195	195	0.29310649028864383
196	196	1.8415696888212503
197	197	6.623421225082547
198	198	3.9006957303893817
199	199	0.4223363578577059
200	200	0.4934871725480833
201	201	0.45362479113778265
202	202	0.351076536414336
203	203	0.11084713004124869
204	204	5.941314120814287
205	205	5.689819637797785
206	206	1.555691451145827
207	207	2.390366379004408
208	208	6.2121022962584345
209	209	0.32816024104202185
210	210	10.77119673455046
211	211	0.7844043614625996
212	212	4.9738408139668655
213	213	0.6927646485513809
214	214	4.6825438219688476
215	215	0.42233750712836005
216	216	0.8957494503954759
217	217	0.8128115058826785
218	218	1.7495073260918392
219	219	2.771239359716902
220	220	3.1104585548439845
221	221	0.9842947005044089
222	222	1.6292121311902288
223	223	2.028491889726862
224	224	0.03400811507759635
225	225	0.944071060443147
226	226	1.4465381549708969
227	227	2.609518962913077
228	228	4.8550829580150925
229	229	0.7974051736073908
230	230	6.373985401557733
231	231	14.299055042968467
232	232	1.468696070088552
233	233	0.2487762677023481
234	234	0.223149629131642
235	235	1.6749931669670726
236	236	0.6335782477077176
237	237	6.044238368211431
238	238	1.2065391995769619
239	239	1.9674309524951086
240	240	0.5283260140277822
241	241	1.1095521101979755
242	242	9.720418680491408
243	243	0.43518883156798055
244	244	1.289355449690273
245	245	0.1612950746128462
246	246	1.6522420205639416
247	247	1.1669775779810154
248	248	2.801751909030103
249	249	2.840577518676611
250	250	0.1430081259758989
251	251	4.134705354652895
252	252	1.4908239370221885
253	253	1.9129482044331232
254	254	1.0679104704297946
255	255	0.14019934511060772
256	256	5.653697272238691
257	257	2.6754460229038455
258	258	0.4086573852097523
259	259	1.9154593448428294
260	260	1.162112214274575
261	261	0.4220278783471423
262	262	1.832907356236694
263	263	1.0067710936048417
264	264	0.6068772714692233
265	265	3.352056167819287
266	266	0.32360023826926354
267	267	4.446795264312
268	268	1.6292187233655144
269	269	2.2064790316265888
270	270	2.60374027378561
271	271	2.312985586205306
272	272	3.7756747253798792
273	273	6.484742831843344
274	274	1.7621488608243956
275	275	2.3490075447865912
276	276	6.202463457435175
277	277	0.34968752822796767
278	278	1.6264473264315202
279	279	0.036320791641740985
280	280	0.5579473998621357
281	281	3.60225113733829
282	282	0.25846970795869373
283	283	3.5659958796732734
284	284	2.938900460255527
285	285	8.2277442472649
286	286	3.580399020497184
287	287	1.1826322062574468
288	288	0.4290220549816396
289	289	0.46371286534941863
290	290	1.043348549340766
291	291	0.80005531495238
292	292	0.7268360419241259
293	293	0.6502864229885883
294	294	2.892330682458674
295	295	0.2197244592868518
296	296	0.4861856315227884
297	297	0.4782790051329137
298	298	2.16689289603415
299	299	0.02786651826097725
300	300	3.7530714516166443
301	301	0.702536070044292
302	302	0.36629896594387074
303	303	0.3249302293056431
304	304	4.644017086100365
305	305	3.1816459622538367
306	306	2.247481523396537
307	307	0.24945434197792324
308	308	0.9168141991611791
309	309	0.8167688131894985
310	310	0.006071631456554417
311	311	1.737788002756588
312	312	0.13135070116043848
313	313	0.13902211115573815
314	314	1.940558208652969
315	315	0.8893673120292828
316	316	0.9973732621606581
317	317	0.35242046878549593
318	318	1.7185060032456734
319	319	1.9143642588434837
320	320	2.5386464231094843
321	321	0.8455196833569679
322	322	4.088117635590509
323	323	0.3254733301034159
324	324	0.750722910700343
325	325	2.3402453030361627
326	326	0.27161441292739963
327	327	2.196858274348465
328	328	0.14916455619812563
329	329	0.798957420889502
330	330	2.3046596825277432
331	331	2.1335839631956044
332	332	3.142885009941321
333	333	3.161169255040471
334	334	1.6143286804021022
335	335	1.513931428015846
336	336	1.7344351825625852
337	337	0.6165482845861573
338	338	0.7575181803223131
339	339	2.251161104264667
340	340	0.684363008784485
341	341	3.9030183042850557
342	342	1.8813559091698506
343	343	0.6493659484514896
344	344	4.424876201388509
345	345	9.3400802141811
346	346	0.5944843217706273
347	347	4.567998675218451
348	348	1.0138611401313071
349	349	0.2661565064020401
350	350	2.675288440170338
351	351	0.2311655124713033
352	352	1.537107351800683
353	353	3.127076468504243
354	354	5.059188567225161
355	355	1.1743735883097144
356	356	2.2964794695547477
357	357	1.7759899303169357
358	358	2.882619600344206
359	359	4.118098330121007
360	360	0.027958008355474198
361	361	0.15038497145723642
362	362	0.026010030005178056
363	363	2.849041219691284
364	364	11.299628181658603
365	365	1.085023637598708
366	366	0.16530860882045492
367	367	1.9618137889831724
368	368	0.16985769664597897
369	369	1.3917860571081604
370	370	6.4054083217532005
371	371	4.689309415728573
372	372	8.097459361001235
373	373	1.1950321955440777
374	374	1.9559491850196882
375	375	3.059555559368004
376	376	3.337481119322548
377	377	1.3576282552829944
378	378	1.9692590326142925
379	379	3.708529804562112
380	380	0.5950843461025213
381	381	0.03136723775693276
382	382	3.1572908783726596
383	383	0.2224093336746461
384	384	0.3802411405343269
385	385	0.6152475380452473
386	386	0.3091176124159318
387	387	0.06848289922529568
388	388	3.650877037318813
389	389	1.1864219281923345
390	390	0.0840553410614345
391	391	0.8497605288671028
392	392	0.11092610024731744
393	393	1.823941634464363
394	394	0.2294198202552773
395	395	0.3503506567775453
396	396	0.7011741824684996
397	397	3.823317388567187
398	398	3.071161160086725
399	399	3.8734446160693814
400	400	0.09254600735440302
401	401	6.536157148675715
402	402	1.2136880002201833
403	403	2.606036823100489
404	404	0.08809012379353214
405	405	0.5723450206840222
406	406	1.4549996809432224
407	407	0.4374190689831341
408	408	1.0402621223235806
409	409	0.0013124303164669233
410	410	0.42352777843730205
411	411	0.09914875859085434
412	412	0.02956875240779025
413	413	1.2953431156143287
414	414	8.059624495613235
415	415	2.2258968470511746
416	416	1.0984492625801696
417	417	6.3394492386341845
418	418	1.1330895481459358
419	419	1.2051367732117986
420	420	1.8398857106623765
421	421	2.9139219135283256
422	422	1.2795142611533683
423	423	2.0774756226964035
424	424	4.793013713541056
425	425	0.05168260281448573
426	426	0.022324982538392983
427	427	0.7265209942459074
428	428	0.1254386090804475
429	429	2.335109545701355
430	430	0.707752709737037
431	431	1.3781053441767792
432	432	1.8829700209844233
433	433	0.6046970125882057
434	434	0.36928918005607975
435	435	3.09812396212117
436	436	0.2585610421930228
437	437	2.4575123469304403
438	438	7.228337504229064
439	439	1.7302666775445916
440	440	0.3495454067953511
441	441	2.5881637456941267
442	442	5.3602259224681825
443	443	0.6389297788064808
444	444	3.2797011510932728
445	445	0.4638159834039577
446	446	4.165335502261584
447	447	0.03942966097562013
448	448	3.2445080171617553
449	449	0.5374455522357693
450	450	10.158370742973688
451	451	12.692458132506566
452	452	0.5633582673557186
453	453	2.4770542370483466
454	454	7.575280590806395
455	455	1.5821107916887807
456	456	2.7210396645164416
457	457	2.353702831921672
458	458	2.730139877623025
459	459	2.327573711179375
460	460	2.7148041998298034
461	461	2.733060658690146
462	462	0.07895207699454312
463	463	1.9981446881804157
464	464	3.510129050515408
465	465	0.6107031988293231
466	466	2.626775362206027
467	467	6.312009817679873
468	468	0.6569917892968788
469	469	2.284546557251422
470	470	1.2276968001051691
471	471	0.47351314519823795
472	472	2.4524276534795826
473	473	2.800878064300126
474	474	1.9306254021082712
475	475	0.4197704802293295
476	476	2.5426030013580436
477	477	1.3333899633246187
478	478	1.305859164011277
479	479	2.110386118261389
480	480	1.045623699686246
481	481	2.9076453589284563
482	482	1.2929614986139668
483	483	1.5217708734989719
484	484	0.24056003831852438
485	485	0.04255832406819831
486	486	0.2413358956432735
487	487	0.24922946132790091
488	488	1.448887709820777
489	489	3.792600870644322
490	490	5.486714197904312
491	491	2.24458884941167
492	492	0.8138970922265034
493	493	1.797328492315668
494	494	6.524692660594855
495	495	0.8433709094617186
496	496	2.016410744765997
497	497	0.7236786057173836
498	498	0.3904383691527608
499	499	5.399261495803722
500	500	1.5371128989614389
501	501	2.332155340799036
502	502	1.3833936613575506
503	503	3.9075032940117076
504	504	0.6769411968632095
505	505	3.110074274910648
506	506	1.1090382922114197
507	507	8.532315867858024
508	508	6.3987207773834465
509	509	2.9736105004309317
510	510	4.929930662825901
511	511	4.491489884622328
512	512	0.9271679903642134
513	513	2.4093059374714785
514	514	1.1927325385439425
515	515	1.4161617948943932
516	516	0.9803586820531699
517	517	1.3685383579571153
518	518	0.31590501535454457
519	519	1.4007403294203873
520	520	1.8004626132478372
521	521	0.1432738549348278
522	522	2.041027487681898
523	523	0.5171418974813867
524	524	5.060960021175062
525	525	4.077006901190992
526	526	0.04447089441210788
527	527	1.3775988582080907
528	528	0.15179346438864985
529	529	0.9559254846836965
530	530	3.8518004702589113
531	531	4.826504018839344
532	532	2.5586822685677775
533	533	0.2716421355238704
534	534	0.890791940173259
535	535	0.4406930020473207
536	536	3.5138123133094767
537	537	0.9267081649593081
538	538	0.770698792896883
539	539	1.3114740359757846
540	540	0.6033809488126836
541	541	8.8605329137414
542	542	1.4204263416325984
543	543	1.6294677969365035
544	544	3.9821820329561044
545	545	1.2772482242887735
546	546	3.2213457047529186
547	547	1.2623224799734825
548	548	0.7845151869585693
549	549	2.3783968902997437
550	550	2.2514740762185856
551	551	3.1473442108401746
552	552	1.7228017733565046
553	553	1.284506403791495
554	554	2.098462307731713
555	555	8.336201408520424
556	556	1.016951279155159
557	557	1.2273934971140397
558	558	1.5099690137553514
559	559	2.4748562695686616
560	560	0.132103297983453
561	561	2.969079861440943
562	562	1.0147652526513127
563	563	0.9325192412566595
564	564	0.5525194597418487
565	565	1.2524318024961847
566	566	0.36338753045870115
567	567	0.01999370931586933
568	568	0.6279257796459196
569	569	1.6662133053885477
570	570	4.553466276930096
571	571	1.741987477928258
572	572	1.232759926801842
573	573	0.92138781141895
574	574	5.124214848303403
575	575	1.0471571195338585
576	576	0.3985004170684635
577	577	1.738422852870199
578	578	1.1797126268141613
579	579	0.41633852771561064
580	580	0.39659691793671625
581	581	2.7985863880473762
582	582	1.9969679740451411
583	583	2.190293317297376
584	584	1.0845925827122584
585	585	2.5102230000301584
586	586	4.3963403201325955
587	587	1.1362418430831824
588	588	1.6898457763635422
589	589	0.4428023083175341
590	590	0.23384550799518944
591	591	1.4960864594092538
592	592	0.11337314149344932
593	593	0.9573011534354656
594	594	3.207172685558717
595	595	4.347366703329238
596	596	0.645808281177347
597	597	0.8633112450359458
598	598	1.971807424774738
599	599	1.339171939800395
600	600	3.5069410255476616
601	601	1.6080965375066114
602	602	1.1891305240490369
603	603	1.928689130997954
604	604	1.453783582974347
605	605	1.6983642386152398
606	606	3.1716015169742597
607	607	2.5512603763870327
608	608	0.04794244032913462
609	609	0.8524341390512797
610	610	0.24955002868917814
611	611	2.320071706546374
612	612	0.49318451969344307
613	613	0.4793712097272847
614	614	2.4430895049867365
615	615	2.7683105522424336
616	616	0.823590197731984
617	617	1.6128207185161625
618	618	0.27328014711051635
619	619	1.4936606447286758
620	620	0.9847120626994585
621	621	1.191189965560782
622	622	2.217284065472856
623	623	8.23311079664039
624	624	0.39254994847516983
625	625	4.281986822308641
626	626	4.231891134946335
627	627	0.06476995713827904
628	628	0.7338150697368397
629	629	1.945502512016602
630	630	0.35676147130406843
631	631	2.685200135573253
632	632	7.069816628857037
633	633	1.5539591075413488
634	634	1.1764268155146747
635	635	2.253775871698238
636	636	1.6530801003538809
637	637	2.4232909304257753
638	638	1.6455958518178206
639	639	1.9636985642400842
640	640	2.781027548499161
641	641	0.10941714043111561
642	642	3.1599286382397698
643	643	1.3488888896292852
644	644	1.0603163782919487
645	645	2.035292374280895
646	646	0.5514475300211849
647	647	2.057559795415072
648	648	7.4245602780376565
649	649	1.02987830747978
650	650	4.592022477837302
651	651	5.262455305330241
652	652	2.300320077708697
653	653	0.8802485783019276
654	654	0.6789562967434988
655	655	1.1845584168970231
656	656	0.9699973545465991
657	657	5.073184350503312
658	658	2.1230567933352646
659	659	0.4526069353473623
660	660	1.1464157023896433
661	661	0.3132235265344038
662	662	2.3743538150878494
663	663	2.617375347150196
664	664	4.282257864082051
665	665	1.230888229302931
666	666	2.0222152553361354
667	667	1.788653890390126
668	668	0.21553736658965242
669	669	0.06431093685374129
670	670	0.2741106753572869
671	671	0.7341896977534592
672	672	3.3032560463861493
673	673	1.4994248886681285
674	674	2.271700908570641
675	675	2.104374075540339
676	676	0.2371688295551191
677	677	2.3264331892698973
678	678	1.0873602020358621
679	679	0.1536849633153946
680	680	0.41053904900137506
681	681	1.635186229497708
682	682	0.4867179903127833
683	683	0.2861191266538537
684	684	0.5468691782123212
685	685	2.467192786948635
686	686	2.474300570172335
687	687	0.5849021947702202
688	688	1.7960938478447515
689	689	0.6147684216608904
690	690	0.3259971424989699
691	691	0.24932717286803005
692	692	0.4351942216457039
693	693	0.7884429800954657
694	694	0.9940614438714168
695	695	3.518364129256157
696	696	3.02451742516629
697	697	2.6303916901876314
698	698	1.9933369595519153
699	699	3.3487467877498114
700	700	1.0901157300965674
701	701	3.1586688660623587
702	702	5.4499367675662205
703	703	2.6395357662647445
704	704	0.18220908062479396
705	705	0.8705605525566977
706	706	2.4017615785413944
707	707	0.19767954753944683
708	708	0.330617349247916
709	709	3.2050692748443543
710	710	0.2163812576964698
711	711	3.380227433473843
712	712	0.19329666226119754
713	713	3.9081663503421997
714	714	0.10493125999064172
715	715	1.3145893786354335
716	716	0.6859607446886314
717	717	3.9826549839987777
718	718	0.9357915626168708
719	719	1.162708668839923
720	720	5.925388604627061
721	721	1.6593569808005881
722	722	3.353392143947621
723	723	1.1595644007166583
724	724	3.046285247085389
725	725	2.5098019021175344
726	726	1.4933197577358497
727	727	2.468462342833711
728	728	1.7510878011160969
729	729	0.6337213762235375
730	730	0.8158427171172072
731	731	2.2202303648162314
732	732	2.1834171297705063
733	733	0.1272856262162046
734	734	3.6852967033421162
735	735	3.333648772096494
736	736	0.4206738047206821
737	737	1.4806758687463217
738	738	1.9801947008570393
739	739	1.0606252559047518
740	740	0.3217353837203718
741	741	2.9465117267975227
742	742	1.3230306972241719
743	743	2.496376586479575
744	744	1.424815936987578
745	745	0.7802853124962108
746	746	1.0140024357437947
747	747	4.485084364592752
748	748	2.645246352426264
749	749	2.6937935197294607
750	750	1.335737705082612
751	751	0.3361205752298686
752	752	0.051028536822360186
753	753	2.229096622534518
754	754	2.308508581015187
755	755	3.058831721034053
756	756	1.4881995718382692
757	757	0.3587724162787469
758	758	4.324284267388759
759	759	1.8042768933164663
760	760	0.09405931044598816
761	761	0.40828518051827145
762	762	1.850378566580782
763	763	0.6770571098735373
764	764	0.5843129246115438
765	765	0.9826070840997239
766	766	0.49077964484622205
767	767	0.8946815199166309
768	768	8.469689965238578
769	769	3.556261475039828
770	770	0.3534787936659489
771	771	0.11942462870663938
772	772	0.9319892735186742
773	773	5.9685189149690006
774	774	2.7074347596914325
775	775	0.035574862330739976
776	776	0.046725486050314846
777	777	3.0951783218897977
778	778	0.6307759915707295
779	779	9.285454810911583
780	780	0.938088514130955
781	781	2.011361206793921
782	782	1.671697241058389
783	783	0.5758282667264749
784	784	0.22489885799999812
785	785	1.2750883953571241
786	786	0.9377651962313825
787	787	2.1231628180528475
788	788	0.5848259602818394
789	789	0.68506931790717
790	790	3.053994931029894
791	791	1.7434676725609837
792	792	0.362619057032491
793	793	2.8366731930546516
794	794	0.05985150486948536
795	795	0.7891086928793144
796	796	0.720224523090962
797	797	0.2874419194689374
798	798	1.5783413853700112
799	799	0.2685183625271664
800	800	0.17331416198126057
801	801	0.33415832165317544
802	802	2.7469483840031717
803	803	0.3211627563605314
804	804	3.462552919212922
805	805	0.4211947970661948
806	806	1.312867368510073
807	807	0.013046919483279901
808	808	1.7925887980716175
809	809	2.3340908832883454
810	810	3.354081678026203
811	811	0.010345665209206715
812	812	0.9178429789224501
813	813	2.123527477701101
814	814	1.0870025821456635
815	815	0.47891905030294857
816	816	0.10334101014343204
817	817	1.5928983719844134
818	818	3.2795465895930356
819	819	1.2072902263032774
820	820	4.971760518452337
821	821	0.42428540870353215
822	822	2.528536671151194
823	823	4.581809028396438
824	824	0.7773617559835573
825	825	3.4830352713306523
826	826	0.8869478901220745
827	827	1.983934139541929
828	828	2.333918093175298
829	829	2.750419364343913
830	830	0.06747258817873876
831	831	2.380597573645411
832	832	1.2827569288350753
833	833	0.7049997320126282
834	834	1.2786943302780318
835	835	1.8943510108167902
836	836	1.9801771686082084
837	837	0.540209924173638
838	838	1.9429801630228445
839	839	6.631992879561012
840	840	0.07651162824411974
841	841	3.5239354814205437
842	842	3.5200719005020216
843	843	0.7041805941456465
844	844	5.026194262884537
845	845	4.269418663293364
846	846	0.7335692511453402
847	847	0.2521230527872105
848	848	2.9507265599487082
849	849	3.271502663168371
850	850	2.070867917900536
851	851	3.6020859685643667
852	852	0.21701010670412405
853	853	0.751848822906616
854	854	1.0154150263319484
855	855	0.9799665214552014
856	856	0.3135620588301579
857	857	0.8527849737031092
858	858	4.016173800639641
859	859	0.03906822757770612
860	860	0.07229074817357257
861	861	0.6365416845705031
862	862	0.4999379637142269
863	863	0.9922067708413099
864	864	1.5626333629334352
865	865	0.17092616657286988
866	866	0.1553860469204269
867	867	1.439501613673881
868	868	2.644235923718899
869	869	0.1393588009116488
870	870	0.7534814381488364
871	871	0.6163311615105583
872	872	0.9714225664340048
873	873	0.08066644005277727
874	874	7.524136483878912
875	875	1.201924221827879
876	876	2.443481729840325
877	877	0.4458629561238054
878	878	0.9402674600673852
879	879	1.6663482296564787
880	880	0.4018595457437103
881	881	1.7281305854861992
882	882	1.0990160752390092
883	883	1.0388379896918998
884	884	2.1287990733002604
885	885	2.1676660700817822
886	886	4.941936725870322
887	887	5.785363766600774
888	888	2.9007517942732757
889	889	0.02339263463341196
890	890	0.6187883490897301
891	891	0.8352483030910239
892	892	0.20232443382678533
893	893	1.9733122617331529
894	894	3.2852649026905487
895	895	0.005624502158821664
896	896	0.17418937197998607
897	897	0.056714793804985154
898	898	2.588957983204248
899	899	0.3872946886125094
900	900	0.05299879732398717
901	901	3.7633871114890436
902	902	0.44496024328283695
903	903	2.252462789776135
904	904	6.145664269839086
905	905	3.761177778910117
906	906	0.9970912221751581
907	907	2.6972503532159333
908	908	0.2091873589575078
909	909	0.6433068011316855
910	910	4.999540491778979
911	911	0.13420494532872115
912	912	1.12937061778825
913	913	1.3887668746098845
914	914	2.8055911567440797
915	915	0.47994120165228127
916	916	3.5601684980170214
917	917	1.6438923970209052
918	918	1.162582850839609
919	919	0.970718513158072
920	920	7.035880023470687
921	921	3.968948825133773
922	922	1.015319344820844
923	923	4.563550918994403
924	924	0.8455378083481292
925	925	2.0170059823606854
926	926	0.5143866376584472
927	927	2.872398170467505
928	928	2.6503139702306107
929	929	1.0229266520979121
930	930	3.934160904721218
931	931	1.4125313907496155
932	932	1.5211920460346908
933	933	3.5967191214631216
934	934	1.7945478037496498
935	935	2.1407763363108394
936	936	0.8045171200467077
937	937	3.0763177697235466
938	938	6.875898121530003
939	939	1.8354266311262308
940	940	1.2732728617001545
941	941	1.7664594283866761
942	942	2.18626225036633
943	943	0.6208945325777023
944	944	0.17078676846060156
945	945	0.4759854307140579
946	946	0.7583216512741864
947	947	1.408844931943811
948	948	0.5404859918935461
949	949	1.4856160830083123
950	950	5.194309504336661
951	951	4.226439125007009
952	952	6.903212084550536
953	953	2.5696112517795062
954	954	5.949333829930589
955	955	0.09304408519640829
956	956	0.3191678158483033
957	957	3.380735295381765
958	958	2.7035090539027293
959	959	0.5837933598781104
960	960	0.3882410555134525
961	961	4.978726983505753
962	962	3.576672833140649
963	963	0.07651556948993997
964	964	1.6090201642544955
965	965	1.1616947807481528
966	966	0.34297400257089955
967	967	2.1364501456481824
968	968	1.6837134781609953
969	969	1.6929597273834696
970	970	2.1628348865072318
971	971	5.985492744814942
972	972	1.6269218518489428
973	973	2.4914082663066517
974	974	0.7341370390367626
975	975	0.4104803481462383
976	976	5.116407596805757
977	977	0.07195292826475422
978	978	0.16725599196671723
979	979	0.9672418007036684
980	980	3.7524065332743466
981	981	1.2046927997634593
982	982	1.274675814290767
983	983	0.270269651598749
984	984	1.8455252663689945
985	985	2.02612337638121
986	986	8.199636172925443
987	987	4.4037446662199855
988	988	1.7762046024432796
989	989	2.4251941358594302
990	990	0.4656306023726772
991	991	1.8290919865661386
992	992	0.336015887472285
993	993	5.095148715451318
994	994	1.4349937076658459
995	995	1.7882652378420982
996	996	0.4433705830563493
997	997	0.3767351986976789
998	998	5.732833090431015
999	999	4.614552712669831
1000	1000	4.730773955163696
1001	1001	3.0049343319069073
1002	1002	1.9044231275644585
1003	1003	0.513564596493641
1004	1004	2.990218005804395
1005	1005	1.3537385260300225
1006	1006	0.7366718849414586
1007	1007	1.5406556063862258
1008	1008	0.7904267639535664
1009	1009	0.46511790026841715
1010	1010	5.629602965196444
1011	1011	3.197219898367575
1012	1012	4.07933482286815
1013	1013	0.024974007885867434
1014	1014	4.068501732773186
1015	1015	3.285844387182544
1016	1016	1.6927294766127647
1017	1017	0.8563951638906764
1018	1018	1.842881240220215
1019	1019	0.9272528747028436
1020	1020	1.6239735555475854
1021	1021	0.8933596183141997
1022	1022	0.17190241869193246
1023	1023	1.1662638197515
1024	1024	4.852497634152282
1025	1025	2.3110669872270058
1026	1026	0.8168974486236081
1027	1027	0.14194368828888507
1028	1028	0.5881462140074349
1029	1029	8.034106795484654
1030	1030	0.03776904820450002
1031	1031	0.04715218230485508
1032	1032	2.6855341938982873
1033	1033	0.3963664692939749
1034	1034	0.022983189297380174
1035	1035	5.158501517607572
1036	1036	1.951616116558118
1037	1037	0.3233196127606544
1038	1038	1.6858628969243026
1039	1039	1.8553697178566664
1040	1040	1.2435827816123217
1041	1041	3.714621620875041
1042	1042	0.6896062599733582
1043	1043	0.3495260688893239
1044	1044	1.8713795109588118
1045	1045	0.5831712537236273
1046	1046	4.648667417695156
1047	1047	1.4379401358665715
1048	1048	2.672339830518139
1049	1049	0.6251634678872455
1050	1050	3.4920315004781974
1051	1051	10.299971134642965
1052	1052	1.10952020059908
1053	1053	3.0884384206813573
1054	1054	1.2788939847899838
1055	1055	2.1026190309658013
1056	1056	0.15162936616413733
1057	1057	3.8511738875383568
1058	1058	0.38173776932377257
1059	1059	3.21473448123482
1060	1060	2.9243185050054037
1061	1061	1.2977330631827826
1062	1062	5.083477657912791
1063	1063	0.7061496377967064
1064	1064	0.8457063058923393
1065	1065	4.026234799250777
1066	1066	0.3538059504748213
1067	1067	0.28213618201601853
1068	1068	1.9594383861006337
1069	1069	4.050376334248998
1070	1070	2.4872545681592304
1071	1071	5.900879373438613
1072	1072	0.9007712465174559
1073	1073	0.991563961079802
1074	1074	1.0691646932470829
1075	1075	0.06512850843085058
1076	1076	2.737289182699296
1077	1077	0.17901723629109895
1078	1078	0.9803774628979589
1079	1079	0.4172562822768745
1080	1080	4.603866090378617
1081	1081	1.8661431489706803
1082	1082	2.141908814550255
1083	1083	0.8096783759049235
1084	1084	3.790795147498031
1085	1085	0.46754464851892635
1086	1086	0.41528248349529867
1087	1087	3.7071302037140272
1088	1088	0.35126944856597503
1089	1089	1.0730226451006726
1090	1090	0.24482826331798913
1091	1091	0.03627505502230712
1092	1092	1.6563850634479067
1093	1093	5.902693501658561
1094	1094	1.3185273414117293
1095	1095	1.163439282061708
1096	1096	1.0646296075878157
1097	1097	0.8550462690447652
1098	1098	4.505463902179539
1099	1099	1.4540141614237279
1100	1100	0.8701167653497003
1101	1101	0.001148293478577051
1102	1102	2.0679093286041357
1103	1103	0.38481394986707357
1104	1104	0.13655192880842648
1105	1105	5.41535365671204
1106	1106	0.6102567424787944
1107	1107	0.23661389921332937
1108	1108	0.5949683858459588
1109	1109	2.2635744097282164
1110	1110	0.4909602381270825
1111	1111	2.1317719969015276
1112	1112	1.3330193727903044
1113	1113	2.170268259713604
1114	1114	2.008271277163092
1115	1115	1.4575683403956534
1116	1116	0.03602195154742914
1117	1117	1.0806892465204816
1118	1118	0.18767554008575094
1119	1119	0.1777439393064024
1120	1120	0.8432726007882664
1121	1121	1.3731834683305417
1122	1122	0.17372599645013828
1123	1123	0.5552476134826015
1124	1124	2.280973980611533
1125	1125	0.7832446835179865
1126	1126	0.6298639981579849
1127	1127	0.2517858275648758
1128	1128	4.87695383988191
1129	1129	1.326573409785865
1130	1130	0.10963195436984452
1131	1131	1.4196666492554564
1132	1132	0.45049552283900246
1133	1133	2.135823632955007
1134	1134	0.19053030317627367
1135	1135	1.3825452946033578
1136	1136	0.7456066365993376
1137	1137	2.719104499879738
1138	1138	8.841918422116084
1139	1139	0.22881874506926844
1140	1140	0.7751177063325575
1141	1141	1.4694781969671875
1142	1142	1.8409543109869846
1143	1143	1.9999751921320974
1144	1144	1.8539407430744685
1145	1145	1.4301352131213148
1146	1146	4.199080841032861
1147	1147	1.8470309595324734
1148	1148	1.3343408253598965
1149	1149	4.223606574355157
1150	1150	2.1336936328186558
1151	1151	1.0610994483589244
1152	1152	4.588385828615403
1153	1153	3.939037788376293
1154	1154	1.5895488775357636
1155	1155	4.1216268266361515
1156	1156	1.8548422388337429
1157	1157	0.25917920528980226
1158	1158	0.8727257152374226
1159	1159	0.043640485799850096
1160	1160	1.2608109859928316
1161	1161	10.784125132991958
1162	1162	3.90310772255516
1163	1163	1.5698862248315493
1164	1164	0.3415841449755567
1165	1165	0.37192557528591436
1166	1166	1.1245159827796964
1167	1167	4.074978014344139
1168	1168	0.6978954491922983
1169	1169	0.616279302922208
1170	1170	0.1216081471027566
1171	1171	4.744904726487609
1172	1172	3.4400412334124004
1173	1173	2.348289548874193
1174	1174	1.9476362615479135
1175	1175	1.5010295743677176
1176	1176	5.084689844107942
1177	1177	0.38649303333676727
1178	1178	2.720960517351578
1179	1179	1.1698786649049338
1180	1180	0.6095543629686732
1181	1181	0.6955817254819561
1182	1182	2.5754937164106044
1183	1183	0.3700578838078052
1184	1184	2.6799787803044386
1185	1185	2.9456743701568744
1186	1186	9.795070498798443
1187	1187	1.1228641038196001
1188	1188	0.9086450597018314
1189	1189	4.989949498540303
1190	1190	4.392782637702658
1191	1191	1.9786501477740104
1192	1192	0.9253629399880313
1193	1193	2.2262560786506884
1194	1194	0.22446854825192972
1195	1195	1.1478708566772613
1196	1196	3.3334533661838206
1197	1197	1.0956246151750217
1198	1198	0.04612814336044274
1199	1199	2.614322370806053
1200	1200	2.5759378427503696
1201	1201	3.190289213611972
1202	1202	1.6607633529715262
1203	1203	0.43146057965903983
1204	1204	0.7087284619029097
1205	1205	0.9808960206237238
1206	1206	1.9183450684708037
1207	1207	1.0202721394502081
1208	1208	0.5072040591250735
1209	1209	2.3848013323171378
1210	1210	1.8921967202219327
1211	1211	0.7002944281055493
1212	1212	1.8584081453327936
1213	1213	4.1370981712148795
1214	1214	2.55675126251219
1215	1215	2.3099142782046718
1216	1216	2.001367381433575
1217	1217	0.28314442394314027
1218	1218	2.6284542296006057
1219	1219	0.5356254653990794
1220	1220	2.5987646511284965
1221	1221	6.703390997412575
1222	1222	0.5016484701736406
1223	1223	1.4346385842334326
1224	1224	3.5680957801871442
1225	1225	0.17224710957733116
1226	1226	0.06271279109024748
1227	1227	2.2352523283767853
1228	1228	0.0011250224045150055
1229	1229	0.20081399989884632
1230	1230	0.6866808677544778
1231	1231	2.8682529877470135
1232	1232	1.4174473615643814
1233	1233	2.444517250754343
1234	1234	4.847911020596583
1235	1235	1.53770522887738
1236	1236	3.962249384324547
1237	1237	4.63022504781925
1238	1238	5.591857543562494
1239	1239	0.11735730686364237
1240	1240	2.7331658974044024
1241	1241	2.044519223549567
1242	1242	2.9837446981353506
1243	1243	2.3574965685855336
1244	1244	0.440966659966138
1245	1245	1.6214156542119438
1246	1246	0.9370961402363479
1247	1247	1.6251322829068942
1248	1248	2.5081339972583248
1249	1249	1.442548269815985
1250	1250	1.1857414047926664
1251	1251	2.943288517052854
1252	1252	2.9556181657282883
1253	1253	1.6655353102822665
1254	1254	1.741803328277805
1255	1255	1.3568704810608585
1256	1256	1.6454182340742016
1257	1257	1.3365277378222444
1258	1258	0.2083344388384247
1259	1259	0.7788215154717716
1260	1260	0.5125106055960624
1261	1261	1.057254907252795
1262	1262	0.9679081486387935
1263	1263	3.704538001209018
1264	1264	1.4214368048301014
1265	1265	0.40417935473212147
1266	1266	3.913433206144035
1267	1267	1.1064015305244017
1268	1268	3.3962326959839833
1269	1269	3.0528699474518337
1270	1270	2.585997675784444
1271	1271	2.8160142319243873
1272	1272	0.5740025952879974
1273	1273	0.19386129495187487
1274	1274	0.5498409736338565
1275	1275	0.9064738756722396
1276	1276	4.371548523978878
1277	1277	1.6035372625252224
1278	1278	0.23256587942724571
1279	1279	1.7618801545211626
1280	1280	0.4095853249754014
1281	1281	1.2467029158673746
1282	1282	1.2205896477701985
1283	1283	5.799641843564074
1284	1284	3.574444170029958
1285	1285	1.7353395321533678
1286	1286	0.033992880202011126
1287	1287	0.27219827274703295
1288	1288	0.4967942487685643
1289	1289	0.9634925411138823
1290	1290	3.6748529666445715
1291	1291	0.738085191564146
1292	1292	2.347119743984225
1293	1293	0.5609837754919671
1294	1294	0.08451955472008563
1295	1295	0.31850096160676666
1296	1296	0.11111431382095131
1297	1297	1.5991901507044444
1298	1298	1.2359340942305994
1299	1299	0.40781868914393976
1300	1300	2.952475040893366
1301	1301	0.5144945276809778
1302	1302	0.3770549167006613
1303	1303	0.32581399317765675
1304	1304	0.6418747698105615
1305	1305	4.185559894045414
1306	1306	2.063472394424505
1307	1307	5.257986205931032
1308	1308	0.9636446357205336
1309	1309	0.23915008311399535
1310	1310	9.26289630707389
1311	1311	2.070827625451484
1312	1312	3.1269088721921428
1313	1313	3.953543191683181
1314	1314	4.0063257128354595
1315	1315	3.2584757378718887
1316	1316	2.5655971117328575
1317	1317	1.2729442068792542
1318	1318	1.6592216130129054
1319	1319	0.012129696108914938
1320	1320	2.146280232862641
1321	1321	5.4879377699336755
1322	1322	2.446265258987925
1323	1323	4.594046454322409
1324	1324	0.7229342481068214
1325	1325	1.3923151066380661
1326	1326	0.7175355607853442
1327	1327	1.506104972546508
1328	1328	0.8748292865438186
1329	1329	2.7569691865427144
1330	1330	0.0015587638524808662
1331	1331	1.7329531745059445
1332	1332	0.09918056741333511
1333	1333	4.205243533167745
1334	1334	1.9501653676244508
1335	1335	0.5180733979387372
1336	1336	0.6656559019889146
1337	1337	4.114043834885544
1338	1338	0.5146090863626894
1339	1339	2.950912086774213
1340	1340	3.228157684599034
1341	1341	0.3551560744797123
1342	1342	3.8326208699638458
1343	1343	1.05352335597787
1344	1344	0.09491574702746054
1345	1345	8.068609873622004
1346	1346	0.7255676726026081
1347	1347	0.4983520568117748
1348	1348	0.9224525549163047
1349	1349	0.8717941766984608
1350	1350	0.09184452160282881
1351	1351	1.3460484836119586
1352	1352	1.534648933172849
1353	1353	6.002846832825437
1354	1354	0.8077216722613196
1355	1355	0.27186202272906734
1356	1356	2.086227262971716
1357	1357	2.5662906494609867
1358	1358	2.8196868597406164
1359	1359	0.3401113832887866
1360	1360	3.3447035874667455
1361	1361	4.770274209481969
1362	1362	0.7490764919233476
1363	1363	1.5674590124603527
1364	1364	0.9887393972296027
1365	1365	0.2152168455428813
1366	1366	1.0183028283401496
1367	1367	0.5188842942104472
1368	1368	2.4279961429919283
1369	1369	0.8203449306488603
1370	1370	2.3817159558708614
1371	1371	3.293401036912549
1372	1372	0.6333228867852683
1373	1373	1.2535142909141994
1374	1374	1.2482395874380359
1375	1375	0.9744133047250321
1376	1376	0.7324465852610423
1377	1377	1.9813234105353577
1378	1378	0.24086933572974137
1379	1379	1.120730661887544
1380	1380	0.7554336020884965
1381	1381	3.327584797252431
1382	1382	1.549091487121666
1383	1383	2.668093709729137
1384	1384	1.3772394599463584
1385	1385	1.7934120714148936
1386	1386	1.2908885837912811
1387	1387	0.661937495592818
1388	1388	8.752806997179396
1389	1389	0.6350393440407494
1390	1390	3.4674738105422542
1391	1391	0.13176190633717375
1392	1392	0.5249069032709971
1393	1393	0.5641498848761698
1394	1394	3.809722101533638
1395	1395	3.3222462540385203
1396	1396	4.9933941766611065
1397	1397	2.2419272137716946
1398	1398	0.19848075145240002
1399	1399	0.8265100077441042
1400	1400	2.3507509334764354
1401	1401	1.4306066821040395
1402	1402	1.1046819828581562
1403	1403	3.847513981374998
1404	1404	0.6063374840234291
1405	1405	0.02076101684161656
1406	1406	1.806927313901557
1407	1407	2.336202499014008
1408	1408	0.41096039644611876
1409	1409	2.0725199719207033
1410	1410	0.3505919854746243
1411	1411	1.859448880042802
1412	1412	0.31352605789263743
1413	1413	0.0050400177432509356
1414	1414	0.8599241528872575
1415	1415	5.758486222439543
1416	1416	1.1786302778299116
1417	1417	1.423778849238353
1418	1418	3.4796269321920903
1419	1419	1.1206011447847353
1420	1420	0.27866727435169447
1421	1421	2.3184154631832112
1422	1422	6.520461426874566
1423	1423	0.1782251455665501
1424	1424	0.9726504758633817
1425	1425	4.288342492286419
1426	1426	0.7673219177558469
1427	1427	2.0597213764598683
1428	1428	4.496160081572357
1429	1429	6.584123606489915
1430	1430	0.8144211532718827
1431	1431	1.3309890135022244
1432	1432	9.571363380299891
1433	1433	1.6936985261736373
1434	1434	1.6607613472285596
1435	1435	3.3320772377753354
1436	1436	2.197683559152828
1437	1437	1.0564588530178305
1438	1438	0.51245610538116
1439	1439	0.7246308762993672
1440	1440	0.23303436490038926
1441	1441	4.762836429389308
1442	1442	1.7186708936013086
1443	1443	3.9470042286012306
1444	1444	0.5747130429787897
1445	1445	1.4109838092164864
1446	1446	2.258091620445886
1447	1447	0.798722954980566
1448	1448	3.793039109154655
1449	1449	3.5831601974085676
1450	1450	0.15803707246298465
1451	1451	0.8878053815798467
1452	1452	1.0394586545693214
1453	1453	3.124501437231677
1454	1454	3.4233181599950466
1455	1455	7.069291864000914
1456	1456	1.721593872879411
1457	1457	1.3205432447594618
1458	1458	3.5537079241698906
1459	1459	4.587446044416437
1460	1460	0.25480822027370603
1461	1461	2.2517272150148044
1462	1462	0.4498520752381682
1463	1463	2.885141149874279
1464	1464	0.202481440917709
1465	1465	0.7299760408577168
1466	1466	2.1571219231812475
1467	1467	0.685655202267129
1468	1468	6.114797416180531
1469	1469	1.0823903659374625
1470	1470	0.09530001152085349
1471	1471	1.9326289405341925
1472	1472	4.568446435667938
1473	1473	0.06950649572291423
1474	1474	4.054797258662603
1475	1475	10.725159154454035
1476	1476	0.34174266187035723
1477	1477	2.5932219988313485
1478	1478	3.7348520612116882
1479	1479	0.8617298790055204
1480	1480	4.427974600513926
1481	1481	2.8716881531272223
1482	1482	1.2723363580231606
1483	1483	0.23520095188257947
1484	1484	4.648592006685684
1485	1485	0.7203176774234795
1486	1486	0.8368993134655268
1487	1487	0.0269383283733411
1488	1488	4.1580477389040595
1489	1489	2.54062718468248
1490	1490	4.053781149749027
1491	1491	0.2752011514622018
1492	1492	1.1705417212811662
1493	1493	0.5390095494045095
1494	1494	3.7837869700408113
1495	1495	0.7078818884529254
1496	1496	1.0770281459095232
1497	1497	1.8805033143460739
1498	1498	2.0585120143767544
1499	1499	1.866147586277935
1500	1500	2.232581236466536
1501	1501	1.9530758301485478
1502	1502	1.2611860483121773
1503	1503	0.5708543953645617
1504	1504	1.549553862206472
1505	1505	2.0877540700436827
1506	1506	1.4257416430926921
1507	1507	2.160432686271554
1508	1508	4.088022764271112
1509	1509	4.584804539218283
1510	1510	2.460435507768782
1511	1511	0.16709863979361184
1512	1512	0.08508048968951622
1513	1513	1.399562266541863
1514	1514	0.889791506520294
1515	1515	0.11807766786950188
1516	1516	0.9270389728792457
1517	1517	1.6637813187011263
1518	1518	5.1027095721587035
1519	1519	0.7424728315839572
1520	1520	1.012110340975171
1521	1521	8.61102832881237
1522	1522	2.0317711613454787
1523	1523	1.9193985450781685
1524	1524	0.5079060737349576
1525	1525	1.6007267029581962
1526	1526	3.8358202188903356
1527	1527	0.5689144162180321
1528	1528	0.5220708513014651
1529	1529	2.917496015432525
1530	1530	3.7066446215745743
1531	1531	1.52132402731595
1532	1532	1.0085439918081573
1533	1533	1.130054905303057
1534	1534	0.6076010839468068
1535	1535	2.313942036197587
1536	1536	1.3486785680097422
1537	1537	0.6075851486369164
1538	1538	4.316032196771319
1539	1539	2.2508946818775395
1540	1540	1.4077727767479333
1541	1541	0.5693910561282047
1542	1542	1.5056203978112879
1543	1543	1.7834154964644215
1544	1544	0.06486868323409452
1545	1545	2.361379445924619
1546	1546	0.2651961703945784
1547	1547	0.5057907553191604
1548	1548	1.2832843078252323
1549	1549	6.034396027103374
1550	1550	3.6757693766676978
1551	1551	6.343740321638692
1552	1552	0.39040067330346007
1553	1553	0.1966725586318616
1554	1554	1.3275154674847045
1555	1555	0.06910999701758422
1556	1556	2.479513048320704
1557	1557	4.262072631454625
1558	1558	1.255933881144437
1559	1559	0.9615804289431034
1560	1560	1.6400767012092354
1561	1561	0.792241562832321
1562	1562	0.652328292653675
1563	1563	0.8972843886174717
1564	1564	3.1653557393599114
1565	1565	3.2572133617885153
1566	1566	5.006172613320325
1567	1567	10.166536753121493
1568	1568	0.06267951967039909
1569	1569	1.7129935750918546
1570	1570	1.7737997359067346
1571	1571	0.14746422819914937
1572	1572	0.9008065304292754
1573	1573	1.237804211509807
1574	1574	4.959466969398923
1575	1575	2.562927351296104
1576	1576	0.8098434279969203
1577	1577	1.074653849964563
1578	1578	1.0681935890399874
1579	1579	0.9909553849067061
1580	1580	4.986372343845258
1581	1581	1.79850332582325
1582	1582	0.03097032902525268
1583	1583	3.709781702550713
1584	1584	1.995822163196455
1585	1585	0.6303161661401638
1586	1586	1.0542750099646632
1587	1587	2.433988643851591
1588	1588	0.6892068661239871
1589	1589	1.1639397002514325
1590	1590	0.6559973983053998
1591	1591	0.40345778896159823
1592	1592	4.687350788021767
1593	1593	3.577981155364688
1594	1594	0.29088508816155084
1595	1595	1.7702496024944172
1596	1596	2.7547030065864373
1597	1597	4.330708256410133
1598	1598	2.4862885901488325
1599	1599	0.021874090415387706
1600	1600	0.10536573502285705
1601	1601	2.6007619644420004
1602	1602	0.0011113689832667078
1603	1603	0.6468595528181382
1604	1604	0.44368150385453803
1605	1605	1.5633873157729747
1606	1606	0.9064655769362862
1607	1607	4.24220332457444
1608	1608	1.4953073005468684
1609	1609	6.3184977824312965
1610	1610	0.5787936528189003
1611	1611	2.5938000679385724
1612	1612	0.7448772733040121
1613	1613	4.123174154909274
1614	1614	2.818606640182376
1615	1615	3.0936849935590662
1616	1616	0.4711967020818037
1617	1617	1.780263438758232
1618	1618	1.6312296161386444
1619	1619	3.0866823855673546
1620	1620	1.4384221943024527
1621	1621	1.6764277785685617
1622	1622	1.260094168739479
1623	1623	0.09260661439768127
1624	1624	6.527769401112677
1625	1625	0.4964421580802449
1626	1626	3.8044284737798573
1627	1627	4.338157075181136
1628	1628	0.35378949831166207
1629	1629	2.5728750636402467
1630	1630	0.5701376347568654
1631	1631	5.80869199011155
1632	1632	0.606380920467966
1633	1633	0.12157173841505527
1634	1634	1.0184327259009198
1635	1635	0.37162776496230343
1636	1636	0.5158457947203093
1637	1637	2.5221328193065733
1638	1638	1.7359722284381123
1639	1639	0.9892726327951038
1640	1640	3.291196099113905
1641	1641	1.910041893719163
1642	1642	8.762088592608578
1643	1643	1.1029137406846619
1644	1644	7.772361396926279
1645	1645	1.5569503645616387
1646	1646	2.2865250620621533
1647	1647	2.109596570410534
1648	1648	1.4976024451097119
1649	1649	0.2794811738958843
1650	1650	0.6141822052619271
1651	1651	0.9199340564301316
1652	1652	1.5863844001139573
1653	1653	0.40220979699632936
1654	1654	0.9820365824269583
1655	1655	1.888888298899266
1656	1656	1.1412231961525021
1657	1657	13.527031466130376
1658	1658	4.103035731582197
1659	1659	2.4621506000518716
1660	1660	1.864546655858167
1661	1661	0.8337762739543728
1662	1662	0.7944604940062648
1663	1663	2.333926308263745
1664	1664	2.6675406880787196
1665	1665	3.3804298723841493
1666	1666	4.409047631719298
1667	1667	1.3466490813821075
1668	1668	1.129952467153568
1669	1669	0.5779924029654485
1670	1670	3.656139850008082
1671	1671	0.7638232280542884
1672	1672	0.8698466678768977
1673	1673	0.023818320845167273
1674	1674	2.5983182180373223
1675	1675	3.31395616181119
1676	1676	3.8048392516655762
1677	1677	0.7474559400766928
1678	1678	2.006780308546261
1679	1679	0.09798346978081077
1680	1680	3.507358796878595
1681	1681	2.670840894427837
1682	1682	1.9923253696840026
1683	1683	3.3695249457878584
1684	1684	0.424787072426996
1685	1685	0.29766226689634157
1686	1686	1.2054774174179579
1687	1687	1.9219462997461092
1688	1688	1.1331110014868986
1689	1689	2.9526097490953904
1690	1690	2.7227933940915574
1691	1691	0.1352199640044533
1692	1692	0.8419414730524275
1693	1693	0.6036156486929799
1694	1694	0.5488642577261442
1695	1695	0.41177519717911826
1696	1696	5.553990176864083
1697	1697	0.6421178290323853
1698	1698	0.4752771279800206
1699	1699	6.579744588541906
1700	1700	2.40067694569351
1701	1701	0.4375379408495304
1702	1702	2.6804756503518963
1703	1703	2.9081355042901778
1704	1704	0.39916977238413615
1705	1705	0.20450163083139655
1706	1706	6.299629971523484
1707	1707	1.5121502752524736
1708	1708	0.7786913999685016
1709	1709	1.0628156225041443
1710	1710	2.5660406359555603
1711	1711	0.061792044682856186
1712	1712	0.0834178763405352
1713	1713	0.13224108530911763
1714	1714	1.6413967352355578
1715	1715	3.893987962607664
1716	1716	3.279735240067714
1717	1717	1.073836992382712
1718	1718	0.1924223114220934
1719	1719	0.030154487195887515
1720	1720	1.6239915966174248
1721	1721	0.25137528674128795
1722	1722	1.6122740696582178
1723	1723	3.5987167006784246
1724	1724	0.3763449250625584
1725	1725	1.5046678218915412
1726	1726	0.7871800399718232
1727	1727	1.944396998218102
1728	1728	5.590380057161731
1729	1729	0.3659833949670078
1730	1730	2.0855477256268116
1731	1731	3.4482975731443553
1732	1732	0.20850977554677813
1733	1733	0.5915260784170875
1734	1734	0.15701605396581167
1735	1735	0.23211391233292594
1736	1736	0.19358749759372207
1737	1737	3.354785330418058
1738	1738	2.011869088947498
1739	1739	0.839116890674007
1740	1740	1.0166417066284854
1741	1741	0.8485097033061751
1742	1742	0.7673299697564839
1743	1743	3.159099909411333
1744	1744	1.523168051627288
1745	1745	0.8865766725751852
1746	1746	4.847360206128829
1747	1747	0.5881373153304508
1748	1748	0.04409329704083124
1749	1749	2.95738673675843
1750	1750	3.8792487756526555
1751	1751	7.962422256243046
1752	1752	0.3388649627011505
1753	1753	0.8141004516875181
1754	1754	5.313959170699056
1755	1755	1.5971528160616626
1756	1756	0.7885209016739716
1757	1757	1.1772736183961554
1758	1758	0.1446443646945714
1759	1759	1.1963931983681984
1760	1760	1.4079831027077376
1761	1761	0.21285394883710218
1762	1762	0.5840221881611016
1763	1763	2.5431192621252987
1764	1764	1.3230017341760436
1765	1765	3.984310489701954
1766	1766	0.775522771578224
1767	1767	0.9066639675639592
1768	1768	0.5139468559711401
1769	1769	0.7199708018583271
1770	1770	1.0398108224003229
1771	1771	1.5141404382640196
1772	1772	2.2408654165574204
1773	1773	0.2581367468021669
1774	1774	0.7720427507158442
1775	1775	0.7866104275175471
1776	1776	2.5869696458974394
1777	1777	7.082163233485817
1778	1778	4.484657308162696
1779	1779	1.8535883654716454
1780	1780	2.749802679695583
1781	1781	4.3185297686230735
1782	1782	0.952709405034025
1783	1783	0.7507610414758628
1784	1784	0.0651970879412493
1785	1785	0.0796139705680802
1786	1786	3.5666923257090586
1787	1787	0.9242008737813632
1788	1788	4.1166718195781575
1789	1789	1.370088995739805
1790	1790	1.9840181689397438
1791	1791	2.5364950415733762
1792	1792	0.8775579756519273
1793	1793	4.833022647459605
1794	1794	1.9327025331039367
1795	1795	1.6282469305225593
1796	1796	0.17422000148176708
1797	1797	0.801397630151162
1798	1798	0.3575253858534313
1799	1799	1.4594802526737827
