0	0	0.707679724142604
1	1	4.4853015918076835
2	2	0.691594281563369
3	3	4.065292912369383
4	4	3.4349907118504577
5	5	0.7140893799068896
6	6	3.0447188027622625
7	7	3.7987183965139337
8	8	2.811976542864543
9	9	3.8946758912914268
10	10	1.5372752185186922
11	11	3.1108568560392893
12	12	2.331280937702538
13	13	4.864677129713542
14	14	1.816727036261208
15	15	6.27952271835612
16	16	2.649434388314469
17	17	2.3253106095764187
18	18	2.32036660278802
19	19	2.9251669387587613
20	20	3.37795987269033
21	21	2.1098286224746854
22	22	1.8399146035951708
23	23	2.9447964555007236
24	24	9.886140626200357
25	25	1.2861523505088113
26	26	3.4819493407113993
27	27	5.425241496865979
28	28	1.254153992026177
29	29	5.922216618711105
30	30	3.5276176024735038
31	31	5.3788804782301085
32	32	1.9822334836963704
33	33	2.334728217925704
34	34	2.2264497684779068
35	35	0.9437847071728296
36	36	4.005523897292567
37	37	3.1563257269292966
38	38	1.4157255494077163
39	39	3.1423243306824356
40	40	3.366815512749348
41	41	0.9842756759306273
42	42	2.864436889349499
43	43	5.8588534775294505
44	44	8.354988191123926
45	45	3.698920785161592
46	46	0.9494646637366926
47	47	3.6673590441905692
48	48	1.7475438449738667
49	49	1.0172640814332046
50	50	5.527650461209651
51	51	2.2183684304187925
52	52	3.8273750915905347
53	53	2.096512334701364
54	54	5.250603292391244
55	55	3.1589696312005895
56	56	5.488425271812738
57	57	4.666532148156873
58	58	2.275304349704
59	59	4.7892595564110145
60	60	1.7346536673464716
61	61	2.4041397905681507
62	62	1.332747992536935
63	63	2.717425371006224
64	64	5.086101123633045
65	65	2.4837739351037404
66	66	2.372166743168499
67	67	1.8954230321995411
68	68	4.2428390480647415
69	69	3.973758881476307
70	70	2.4059850479546725
71	71	2.757429514206801
72	72	4.924165747706725
73	73	1.7375545631788665
74	74	7.51573489697271
75	75	6.3018313734336155
76	76	1.5745974708285742
77	77	3.861491159372667
78	78	2.9511753496445587
79	79	5.533917721428026
80	80	1.7735012403928583
81	81	3.417597627135339
82	82	1.3568579141119868
83	83	2.0431937396111532
84	84	2.802426570441024
85	85	3.309461660390773
86	86	2.686248580379827
87	87	2.812737339892113
88	88	1.7053930998487452
89	89	3.9153699270417404
90	90	4.079534888808711
91	91	4.8838731090733365
92	92	4.196308530009847
93	93	5.7785127639555025
94	94	8.728737296127264
95	95	1.3747565376655593
96	96	4.0554616583940435
97	97	3.16743764532145
98	98	1.8438364839004375
99	99	1.8791060741322947
100	100	3.665546319567663
101	101	3.1268108635300433
102	102	5.938059381735378
103	103	2.1746650662461935
104	104	1.492256545981583
105	105	1.4391383300646023
106	106	3.364877657528286
107	107	5.07122681573144
108	108	2.3734396979092303
109	109	1.6929916214009468
110	110	1.7902035309449869
111	111	1.6258725435488794
112	112	0.9569291593185426
113	113	5.623378255353584
114	114	2.851464405846679
115	115	0.6882165077151949
116	116	4.381076177495577
117	117	2.3170948186519342
118	118	4.9633732363327985
119	119	2.424987857001251
120	120	5.943552798501202
121	121	7.662377114079114
122	122	0.5769378313786889
123	123	1.624361545927941
124	124	1.7330152945178172
125	125	1.3924978286166019
126	126	1.5642603786186078
127	127	4.201984790422884
128	128	2.7879419601379873
129	129	3.5929229633359085
130	130	4.451260980509003
131	131	4.939608576581961
132	132	3.6464454957992682
133	133	2.5400260782581756
134	134	8.090936798469238
135	135	1.38681364216955
136	136	3.2904046649578467
137	137	3.84021768996962
138	138	3.5277459941164455
139	139	1.460580635392215
140	140	2.06678702791917
141	141	2.6100192408041027
142	142	3.027302973075946
143	143	3.9795353706861327
144	144	0.7851978768826334
145	145	5.236936443816919
146	146	2.0437286694388446
147	147	3.791341314724978
148	148	1.6229245444014648
149	149	2.19878057658108
150	150	1.319654019985133
151	151	2.459500954889522
152	152	1.8754470011650404
153	153	1.9495168030847723
154	154	2.7565132398085366
155	155	2.5428107828843807
156	156	1.7996744359680172
157	157	1.9907306296588478
158	158	2.677137545308226
159	159	3.7555263042628124
160	160	3.718168285783776
161	161	3.7617549004004074
162	162	5.5697101344207285
163	163	3.5819193458990495
164	164	0.9944498214943225
165	165	1.1746188150677954
166	166	7.733699607962812
167	167	2.200915273704287
168	168	2.2492903974020075
169	169	9.051924220057446
170	170	5.27687237299427
171	171	3.5896791074147627
172	172	4.274539718696901
173	173	3.0903949988299786
174	174	2.116595124763193
175	175	2.165065651404213
176	176	1.2142533749545894
177	177	1.6480571713051497
178	178	2.498304987947666
179	179	1.9668045592726333
180	180	4.559003768241531
181	181	4.412376725716203
182	182	2.2574255672203547
183	183	2.2324063468632978
184	184	3.2958762329097198
185	185	1.1558078065386597
186	186	3.97315107426245
187	187	2.4353110410601375
188	188	5.595460028511315
189	189	3.1944370643527416
190	190	1.768288430060264
191	191	2.3138724451480224
192	192	5.555513946496525
193	193	5.936605137975318
194	194	3.192289242414353
195	195	1.9208523486425322
196	196	4.591392150410789
197	197	1.5692947105890278
198	198	1.2724935378278914
199	199	5.358309290223609
200	200	1.9549581684406627
201	201	4.0293468249392825
202	202	1.202913522697586
203	203	2.5066170016646034
204	204	5.388659498692348
205	205	1.8348971473605675
206	206	3.517236906401701
207	207	4.458257945290592
208	208	3.9101669634427734
209	209	4.331663629055929
210	210	3.0986087754396068
211	211	1.542164885132138
212	212	4.180752580835906
213	213	3.3430745467388516
214	214	2.781424581726372
215	215	3.693778532702976
216	216	2.82902464687891
217	217	0.9070034623182243
218	218	6.8539777220583105
219	219	2.8034618657672277
220	220	2.6561982410319107
221	221	2.2207729364093662
222	222	2.0216995072896764
223	223	4.837273082485853
224	224	3.957140243578845
225	225	1.4742985587271669
226	226	2.29899694722502
227	227	4.22988820598687
228	228	2.218803265968348
229	229	1.9712401510495288
